Time	Gene1	Gene2	Gene3	Gene4	Gene5	Gene6	Gene7	Gene8	Gene9	Gene10	Gene11	Gene12	Gene13	Gene14	Gene15	Gene16
0	0.8551576	0.3732324	0.1958273	0.7751905	0.1929592	0.3452358	0.0121753	0.1166756	0.2688978	0.144791	0.2864184	0.0190577	0.2889727	0.1368122	0.1111155	0.0185554
20	0.7325906	0.3933529	0.1501765	0.5703435	0.288893	0.3743383	0.1245494	0.0645813	0.1367478	0.0699381	0.2451883	0.0385655	0.3547491	0.2030206	0.1236987	0.196855
40	0.6710398	0.3458697	0.1335758	0.5270534	0.2648568	0.2927782	0.1567489	0.1454208	0.093644	0.0667222	0.1917641	0.0207876	0.2399493	0.2754705	0.1310837	0.2937193
60	0.7863975	0.391755	0.0942816	0.5731267	0.2524926	0.2688283	0.2297561	0.0917264	0.1456365	0.0478885	0.2855344	0.0359319	0.2434729	0.3170018	0.1706041	0.3442579
80	0.7657539	0.3795715	0.0864898	0.5509856	0.3410735	0.251344	0.2208192	0.0587439	0.1465263	0.050939	0.278667	0.0218652	0.2155791	0.2533731	0.1204196	0.5001874
100	0.6456423	0.2916838	0.0847763	0.5446854	0.3372492	0.3633464	0.1781584	0.050687	0.1201917	0.0539601	0.2175203	0.0292419	0.2898692	0.2580855	0.0754792	0.3374875
120	0.9647307	0.2617631	0.0905126	0.473798	0.3034237	0.237561	0.1793654	0.0603053	0.146493	0.090705	0.205401	0.0329429	0.303989	0.3155185	0.0454071	0.3800659
140	0.7794666	0.2625249	0.1567675	0.5198123	0.2218445	0.2849878	0.2123559	0.0579554	0.1370597	0.0815052	0.2243087	0.0128082	0.2860147	0.2210836	0.0684641	0.5035639
160	0.7922272	0.2709482	0.1148719	0.6345334	0.299031	0.2523054	0.2301556	0.0545357	0.1803348	0.0688733	0.1917993	0.0144616	0.3482071	0.2496601	0.0702577	0.4145228
180	0.8965503	0.2710066	0.1123816	0.4543582	0.1805793	0.2401248	0.261542	0.0546786	0.1925008	0.0412446	0.2226013	0.0127637	0.2889994	0.3677097	0.1000541	0.5445816
200	0.798409	0.2309583	0.1748564	0.5132256	0.2170489	0.263593	0.2155154	0.0542463	0.1359977	0.0584274	0.1142469	0.015783	0.2865434	0.3360114	0.0718925	0.5266468
220	0.6893523	0.308245	0.0927171	0.4992222	0.2004268	0.2170474	0.167058	0.0402393	0.1571788	0.0388759	0.1011604	0.0147209	0.2848352	0.28303	0.0846037	0.5265329
240	0.7230694	0.2437051	0.1619073	0.4149231	0.23623	0.2771564	0.2274699	0.0409143	0.163782	0.0888735	0.2195606	0.0188708	0.3413728	0.3524037	0.0454447	0.4129307
260	0.7122574	0.2261323	0.1077792	0.4637144	0.3217672	0.3008357	0.191354	0.0432221	0.1689795	0.0489694	0.1952605	0.0151053	0.2972427	0.3724174	0.0460226	0.43703
280	0.6809439	0.3392718	0.0869042	0.4031365	0.3114152	0.2054479	0.2074041	0.0707694	0.1867362	0.0743572	0.1516066	0.0250187	0.2994024	0.3301232	0.0301798	0.4604304
300	0.7785094	0.2994071	0.1000818	0.4902092	0.2161532	0.2521311	0.1805521	0.0382097	0.1459198	0.0745456	0.1100814	0.0165076	0.214457	0.3148605	0.094	0.4549684
320	0.7953249	0.3238823	0.1144384	0.4184345	0.3213002	0.2526893	0.2311369	0.1055647	0.2002516	0.0552284	0.1661327	0.0164437	0.3219579	0.3114893	0.0463445	0.4584916
340	0.6436934	0.3967438	0.1312781	0.4805065	0.3647213	0.2422875	0.1847681	0.0634346	0.2113019	0.0692934	0.1563054	0.0161481	0.2979055	0.3156598	0.0838045	0.4951084
360	0.7195866	0.2639	0.0892977	0.4653526	0.2454996	0.2650901	0.1877275	0.0550307	0.2234025	0.0904256	0.1597354	0.012823	0.3106354	0.3565821	0.054377	0.4462096
380	0.7235596	0.2415967	0.1017223	0.447998	0.3194909	0.3078324	0.2920994	0.0916251	0.260255	0.0652657	0.1289774	0.0377092	0.3130918	0.2985346	0.0509019	0.5241336
400	0.6749297	0.2344658	0.0890862	0.5899913	0.2471027	0.222282	0.3021694	0.0589586	0.157882	0.0614139	0.1446492	0.0178808	0.3383371	0.3355226	0.0729181	0.4676788
420	0.7489269	0.2962607	0.0831197	0.507346	0.2252514	0.3215509	0.2357959	0.054863	0.2359474	0.0501354	0.1310959	0.0148031	0.2675974	0.3076059	0.0419775	0.5373636
440	0.7782453	0.2303861	0.1173035	0.4991085	0.3652717	0.2249916	0.2259258	0.0931756	0.2125763	0.0338937	0.1411303	0.010158	0.3405954	0.3242592	0.0216685	0.383686
460	0.7995057	0.3074982	0.1158068	0.440747	0.2661758	0.2389501	0.226015	0.0399871	0.1790316	0.0621998	0.1514859	0.0183111	0.37616	0.3363117	0.0433441	0.4183562
480	0.7461813	0.3144955	0.1119489	0.5100644	0.2387298	0.1850647	0.2578143	0.0434395	0.2355945	0.0552656	0.2296814	0.0147954	0.2864397	0.3390137	0.0884925	0.4730423
500	0.7244146	0.2621188	0.1184848	0.3592249	0.3256528	0.2256268	0.2788052	0.0780948	0.156937	0.0782893	0.1567446	0.010782	0.3508642	0.2856695	0.0722747	0.3855092
520	0.6482566	0.2909916	0.1262298	0.3209708	0.3425667	0.2607619	0.1578926	0.0498273	0.1999044	0.0477634	0.1768859	0.0040629	0.3216496	0.3247669	0.061302	0.4731997
540	0.741633	0.2697907	0.1217191	0.4229455	0.241128	0.3010785	0.2081271	0.0474714	0.1517717	0.0356341	0.1232268	0.0133411	0.2370256	0.2781461	0.0646129	0.5221419
560	0.8283765	0.2643703	0.1552727	0.565356	0.2305117	0.2196868	0.2464306	0.0354868	0.1996605	0.0487324	0.1119491	0.003978	0.3003072	0.3020037	0.0476994	0.5308246
580	0.7292626	0.2805539	0.1612358	0.6464333	0.2070811	0.2991143	0.1254259	0.0861289	0.2027521	0.0145832	0.128657	0.0214519	0.2680512	0.1448353	0.0727053	0.2816321
600	0.7539912	0.320004	0.1814066	0.6470718	0.3062994	0.3928355	0.0313529	0.1146991	0.1892364	0.066539	0.1729304	0.0152029	0.2824962	0.1141768	0.055931	0.215466
620	0.730912	0.3857611	0.1889227	0.7185406	0.1955212	0.3783579	0.0375763	0.0889825	0.1572239	0.0610313	0.2019974	0.0061895	0.3386581	0.1245835	0.0732353	0.1507473
640	0.6721981	0.3244776	0.1527322	0.8653763	0.2934591	0.312614	0.0166281	0.0650299	0.1141276	0.0852565	0.2599313	0.0090935	0.3502774	0.1097094	0.0662954	0.1206896
660	0.8222104	0.4860325	0.2016636	0.7041882	0.2845861	0.3051715	0.0139134	0.051864	0.1839681	0.1204418	0.3214551	0.015362	0.2514573	0.0816592	0.0856311	0.0725136
680	0.7274379	0.4724607	0.2053534	0.7681317	0.2621056	0.396281	0.03396	0.0542716	0.1935106	0.0418993	0.291234	0.010997	0.3299266	0.1266082	0.1120093	0.0669624
700	0.8444062	0.5238649	0.1632751	0.8030369	0.2424044	0.3258847	0.0077038	0.033501	0.2160988	0.0552571	0.3080842	0.0071264	0.3705019	0.1475164	0.1432406	0.0453003
720	0.635251	0.4217121	0.1755408	0.7653987	0.2581362	0.4097935	0.0225249	0.0679915	0.2776297	0.0854815	0.3189267	0.0126236	0.4082718	0.1265842	0.0845057	0.0272541
740	0.7634337	0.3815994	0.2232707	0.7868124	0.2311326	0.3203652	0.0137153	0.0888971	0.1661698	0.0807449	0.2826059	0.0303711	0.3174644	0.1261052	0.1369653	0.0294102
760	0.6485983	0.3856383	0.1944279	0.7923579	0.2403372	0.3555795	0.0074233	0.0948963	0.1422931	0.0484712	0.3010795	0.0177867	0.273585	0.0790485	0.0895132	0.049909
780	0.8563595	0.3837776	0.1760704	0.6518659	0.2650306	0.3770889	0.0104497	0.0565433	0.1694956	0.066296	0.298582	0.008605	0.3220454	0.0927694	0.0813112	0.0522542
800	0.927484	0.3059389	0.2604845	0.6201904	0.2288716	0.3039561	0.0097389	0.121417	0.2327273	0.0738706	0.2858774	0.0183194	0.3281371	0.1539059	0.147512	0.0662933
820	0.7067449	0.3548244	0.1885018	0.6535875	0.1903414	0.3057603	0.0131452	0.1252277	0.1922927	0.087361	0.2684704	0.0089639	0.2892209	0.1175853	0.1029984	0.0473589
840	0.8330123	0.4886371	0.1951005	0.7507358	0.2635663	0.3437602	0.0233641	0.1043207	0.2419863	0.0844186	0.3029663	0.015834	0.3176729	0.1190861	0.1513576	0.0276796
860	0.9113874	0.4980449	0.2650257	0.787826	0.2729104	0.3948546	0.0143809	0.0638585	0.2566428	0.0695915	0.301627	0.0103066	0.3306055	0.1136525	0.1602283	0.0371647
880	0.7947097	0.5044201	0.2110352	0.7078892	0.2142837	0.3169522	0.0101151	0.0682727	0.2200382	0.0832355	0.2798963	0.0115515	0.325364	0.1652159	0.0979653	0.0424327
900	0.6358564	0.4094763	0.2154175	0.8689061	0.2770652	0.2694081	0.0026472	0.05231	0.1291873	0.0844105	0.404481	0.0176677	0.2672127	0.1322566	0.1101984	0.0244176
920	0.7221478	0.4264495	0.1804118	0.7800479	0.2316162	0.3005047	0.0052267	0.1327033	0.2351079	0.0731212	0.3098258	0.0220668	0.3359817	0.1104452	0.1034339	0.0302718
940	0.6697694	0.4439663	0.1617467	0.7212355	0.2125928	0.2944572	0.0053826	0.0514211	0.1891696	0.0579373	0.2780731	0.0050037	0.3065372	0.0993823	0.0823051	0.0270833
960	0.722962	0.4302667	0.1399782	0.723279	0.3642195	0.3317054	0.0036836	0.1138282	0.1550883	0.0745803	0.2673936	0.0157636	0.3444056	0.1370265	0.1355606	0.0841019
980	0.8042429	0.366526	0.1997883	0.6953503	0.29174	0.2946179	0.002756	0.0650173	0.1880361	0.0593847	0.2714917	0.0063749	0.2986329	0.1659146	0.1181173	0.0267325
1000	0.691532	0.4745068	0.1697784	0.6932262	0.3648813	0.3761936	0.0051793	0.0897937	0.1429827	0.0280905	0.3301155	0.0118561	0.2742341	0.1140611	0.1570473	0.0203712
1020	0.8089657	0.4781878	0.1604714	0.7814559	0.3543754	0.2504836	0.0055597	0.1023557	0.1858249	0.0408595	0.4030216	0.0068244	0.2746937	0.0929813	0.1853175	0.0422661
1040	0.8441902	0.3730263	0.1362701	0.6560838	0.2858156	0.3101012	0.0012598	0.0951075	0.152333	0.0288634	0.3046745	0.0272979	0.2674361	0.1551199	0.1251028	0.0209811
1060	0.8036786	0.3811731	0.1785537	0.694091	0.2279152	0.3118268	0.0021501	0.1710132	0.1711904	0.0904954	0.2805071	0.0056951	0.2770616	0.1664952	0.1669208	0.0328719
1080	0.9883417	0.4810517	0.2080131	0.5806612	0.3105059	0.3581909	0.0011461	0.0565332	0.1990544	0.0589639	0.2826494	0.0093466	0.2941867	0.138724	0.0841599	0.0126352
1100	0.6763693	0.4624772	0.1353095	0.7576348	0.2468346	0.3231104	0.0030053	0.0688921	0.1634967	0.0612933	0.2772642	0.005353	0.2914085	0.1165085	0.0926618	0.0336994
1120	0.7636342	0.4672942	0.1956235	0.7689871	0.2396958	0.2990377	0.0134033	0.1217053	0.2364676	0.1128931	0.2854719	0.0138715	0.2594999	0.121035	0.1486903	0.0390229
1140	0.6644136	0.5059132	0.1412688	0.6627437	0.1897347	0.6068344	0.2191319	0.2757687	0.2422943	0.2524038	0.2844488	0.1851539	0.223875	0.13307	0.1216693	0.0121284
1160	0.7318217	0.4738289	0.1729657	0.6291098	0.2702979	0.7317078	0.2704241	0.5125075	0.2054992	0.3515276	0.2985135	0.2312063	0.08548	0.1848248	0.1655577	0.0292929
1180	0.8809546	0.431915	0.1293145	0.6708384	0.2479768	0.7207024	0.2977488	0.5566157	0.2455916	0.4329968	0.1875388	0.3099411	0.0963021	0.149541	0.1307209	0.0453822
1200	0.7609024	0.4273505	0.1365939	0.8195957	0.2610718	0.503815	0.5047863	0.6458481	0.2410257	0.4338507	0.2340852	0.3401739	0.0555672	0.0921361	0.1365984	0.0730874
1220	0.8756238	0.4131239	0.1863617	0.714987	0.3347641	0.5361066	0.398613	0.6962216	0.1540729	0.5078349	0.2360637	0.3765201	0.0355582	0.121172	0.1225167	0.0661134
1240	0.7609069	0.3983007	0.1852261	0.6234001	0.2504527	0.582229	0.3373902	0.70695	0.1430834	0.4343755	0.2622333	0.2909801	0.0347495	0.1215913	0.1115188	0.0151336
1260	0.8292765	0.4344992	0.2433842	0.7451884	0.3440082	0.4974307	0.4403063	0.6914846	0.2078367	0.437144	0.2207406	0.4261646	0.018533	0.1327254	0.0860593	0.0240902
1280	0.6943636	0.4462953	0.2033826	0.6317338	0.2823379	0.5963961	0.4418389	0.7194996	0.320404	0.5042258	0.1844115	0.5095878	0.021124	0.2215529	0.1026261	0.0120063
1300	0.8531399	0.3633909	0.2377326	0.7776965	0.2870262	0.6330974	0.3685438	0.753965	0.1963031	0.5893099	0.2077493	0.5619127	0.0227088	0.1511978	0.1313432	0.0577784
1320	0.8249499	0.5372305	0.1846702	0.6441167	0.328289	0.5518503	0.4253283	0.6794947	0.1935696	0.5734578	0.2436037	0.5113688	0.0166999	0.1781218	0.1697529	0.0493333
1340	0.7596872	0.4593404	0.1816495	0.6771765	0.3073745	0.5624771	0.4432829	0.725783	0.2465294	0.4655621	0.2214545	0.5280959	0.0112938	0.1086573	0.0931275	0.0135902
1360	0.6894535	0.3692385	0.2118454	0.5800594	0.2498962	0.6647612	0.389591	0.8215248	0.2060142	0.5708595	0.2506469	0.5170022	0.0301265	0.1340035	0.1290187	0.0301032
1380	0.7539704	0.458016	0.1577004	0.7058347	0.1992885	0.5716578	0.435097	0.7850997	0.1954087	0.5133234	0.2976088	0.5396475	0.0255142	0.1265317	0.1980219	0.0269217
1400	0.8593479	0.5101482	0.1829119	0.63754	0.3046685	0.6524416	0.4126405	0.7579695	0.2038839	0.5576528	0.2576756	0.4700052	0.0065328	0.1150379	0.1636677	0.0255138
1420	0.7957417	0.4343851	0.2133415	0.700405	0.2114883	0.7001597	0.4945136	0.6654453	0.2023309	0.5856412	0.3082151	0.483206	0.0161279	0.1522302	0.1662045	0.0534016
1440	0.8052891	0.4375221	0.1505325	0.7486623	0.2380733	0.5889104	0.3998883	0.7713845	0.1369146	0.6590893	0.3223488	0.5207777	0.0201104	0.1628795	0.1006136	0.0407901
1460	0.8061535	0.4708832	0.2528363	0.7206569	0.2647582	0.5699219	0.3854842	0.7677859	0.1470952	0.540012	0.3465309	0.4883931	0.019549	0.073016	0.1433105	0.0288235
1480	0.8058718	0.4371604	0.2246415	0.8421864	0.2985397	0.4817839	0.3657998	0.7669946	0.2672161	0.471356	0.2734534	0.494182	0.0216722	0.1076009	0.1188607	0.0206703
1500	0.7443043	0.4410816	0.198974	0.6848986	0.2082035	0.6275128	0.3989747	0.6397092	0.1957741	0.6228251	0.2528265	0.6163996	0.0190165	0.0928809	0.1619258	0.0230209
1520	0.9375614	0.4506387	0.210729	0.7682222	0.1768322	0.6432284	0.5437401	0.7831946	0.2505532	0.5038719	0.3460933	0.5782687	0.0161823	0.0979594	0.1545052	0.0327572
1540	0.8542581	0.4069633	0.2535448	0.6208512	0.2262968	0.4933797	0.4120005	0.8194791	0.2045677	0.5398855	0.2485156	0.5484129	0.0096807	0.0873683	0.1793287	0.0586854
1560	0.733871	0.3404282	0.1842022	0.5850697	0.2110847	0.5736143	0.4865615	0.591099	0.2056137	0.5989502	0.261798	0.495004	0.0141489	0.0535479	0.1096919	0.0315792
1580	0.8046919	0.382002	0.2439292	0.6755342	0.290959	0.5994985	0.4627833	0.6708314	0.2110402	0.4899497	0.2524418	0.5093052	0.0155322	0.0928244	0.2094551	0.0497001
1600	0.7998765	0.4559096	0.2261845	0.6318821	0.2914084	0.5299288	0.4856104	0.8720027	0.2239619	0.5112323	0.3150228	0.5751557	0.0212285	0.0826218	0.1397488	0.0519031
1620	0.7686326	0.3548607	0.2149272	0.7033824	0.2685489	0.7188322	0.3175415	0.871418	0.2084406	0.5430866	0.2512613	0.5259298	0.0272912	0.1212267	0.1363251	0.0345433
1640	0.7617687	0.4238871	0.1559702	0.7575601	0.1692359	0.5792061	0.3695229	0.6266971	0.1536517	0.5320101	0.3866967	0.6151909	0.0190363	0.1301907	0.1328695	0.0210326
1660	0.847566	0.3922052	0.1708444	0.7025106	0.2953795	0.5593599	0.4192781	0.8007175	0.161039	0.5349511	0.2567469	0.5853904	0.0069637	0.1307377	0.1365272	0.0282878
1680	0.8740148	0.4355134	0.2578702	0.7195406	0.2396328	0.6761745	0.5122578	0.554759	0.1894773	0.5115751	0.2635196	0.5542164	0.0086055	0.1646819	0.1504652	0.0159942
1700	0.7852384	0.4551545	0.1592376	0.7460803	0.2780927	0.4081865	0.198076	0.4874192	0.1688074	0.3057056	0.235903	0.4202504	0.1476369	0.1980917	0.1752748	0.0341274
1720	0.8928157	0.4790828	0.1960856	0.6991449	0.2063169	0.4185299	0.1340165	0.3131865	0.163044	0.225807	0.3906767	0.3198986	0.2342623	0.1866386	0.1643859	0.0306476
1740	0.8176263	0.4689045	0.1685492	0.6717014	0.1725538	0.2996473	0.1251054	0.2253554	0.1998184	0.1102304	0.3285385	0.2233761	0.2554447	0.1412739	0.153062	0.0105654
1760	0.8225237	0.3807552	0.1676219	0.6539837	0.3191232	0.2897944	0.0318821	0.1416768	0.1890019	0.1532582	0.3154604	0.1511248	0.2589786	0.1156523	0.1881617	0.043283
1780	0.8345915	0.35355	0.1644465	0.751689	0.2200154	0.3350248	0.0183141	0.097683	0.1486305	0.0765723	0.376117	0.1027991	0.2506811	0.1177853	0.186258	0.0251636
1800	0.8124157	0.3774766	0.1960512	0.7239229	0.2702601	0.3149442	0.0145238	0.1070364	0.160912	0.0964913	0.4102586	0.0765678	0.2735626	0.150794	0.1534116	0.0296175
1820	0.8827478	0.3971142	0.1464953	0.6845391	0.2279161	0.3168959	0.0304414	0.1365092	0.164755	0.0806958	0.3459008	0.0505341	0.3488702	0.1503475	0.1098298	0.0309347
1840	0.8541602	0.5335114	0.1401155	0.5979966	0.2320948	0.3193182	0.0152766	0.132167	0.1493318	0.0976675	0.3561841	0.0795855	0.3182262	0.2113475	0.0985074	0.0270112
1860	0.7385238	0.4494433	0.1533054	0.7351431	0.215262	0.4737627	0.0088633	0.0671693	0.1954044	0.0950387	0.23858	0.0403409	0.396541	0.1284828	0.1401434	0.0421497
1880	0.838074	0.4155977	0.1265816	0.719093	0.1857756	0.3788853	0.0091566	0.0800991	0.2376957	0.0488463	0.225373	0.0447356	0.2871425	0.1028861	0.1519413	0.0606119
1900	0.8163642	0.3984755	0.1496887	0.6118085	0.2143027	0.3233167	0.0169465	0.1039055	0.1970933	0.0836984	0.2963906	0.0414891	0.3016803	0.1460684	0.1093001	0.050736
1920	0.68885	0.4810765	0.1630742	0.6325598	0.235762	0.3590553	0.0084108	0.0633898	0.2932675	0.1098836	0.2321039	0.0236401	0.3912609	0.0883905	0.1152877	0.0440043
1940	0.7419124	0.4194943	0.1443106	0.6475588	0.2040693	0.2939885	0.0024587	0.0929613	0.1790216	0.0506982	0.3323598	0.0428341	0.35371	0.0998919	0.1963323	0.0433254
1960	0.8053249	0.3222043	0.1792518	0.5718948	0.169461	0.3152639	0.0024408	0.1105313	0.1882363	0.0920881	0.319298	0.0149821	0.3122166	0.1653484	0.1938674	0.0369222
1980	0.8151969	0.3323712	0.1760899	0.6301718	0.2836387	0.2923507	0.0023312	0.0905571	0.2136219	0.0632995	0.2218096	0.0377577	0.3094569	0.0905376	0.1207015	0.0649039
2000	0.7698723	0.3121474	0.1538153	0.6974903	0.3786785	0.3107155	0.0025315	0.0804546	0.1680686	0.0552343	0.2436093	0.0063543	0.2371988	0.1027793	0.096837	0.0289474
2020	0.8116538	0.4031058	0.1745465	0.743222	0.2666345	0.4330769	0.0047163	0.1183653	0.1716334	0.0700926	0.3513138	0.012468	0.2576685	0.1376287	0.1124638	0.0369703
2040	0.7638026	0.4422739	0.275174	0.7236064	0.3781965	0.2586216	0.003782	0.1217182	0.1527356	0.0440342	0.265493	0.0163373	0.3475065	0.1194287	0.0900811	0.0178494
2060	0.803665	0.3128644	0.1698265	0.7219239	0.2969983	0.3401905	0.0012475	0.1222756	0.1092378	0.082867	0.3221795	0.0351991	0.375896	0.1241025	0.1024392	0.0517964
2080	0.9117095	0.4049451	0.1494203	0.6599922	0.2896038	0.3142104	0.0020534	0.1458236	0.2282802	0.056977	0.3192206	0.0065462	0.2902486	0.1241547	0.1144927	0.0686047
2100	0.724127	0.3653005	0.1957198	0.7036563	0.3024151	0.3016099	0.0037033	0.0786115	0.1696858	0.0592284	0.2362557	0.0058391	0.4022979	0.1426989	0.1814339	0.0195217
2120	0.7948831	0.3811504	0.1328603	0.7658203	0.2978594	0.3297411	0.0033549	0.0934707	0.1748863	0.0926423	0.2154796	0.0019636	0.2987027	0.1499772	0.1341032	0.0189607
2140	0.7707222	0.3797073	0.158641	0.6485425	0.2990505	0.354723	0.0084068	0.1107854	0.2057898	0.0627898	0.3477573	0.0077166	0.3331039	0.1739188	0.206603	0.0290432
2160	0.776838	0.4314372	0.2077963	0.8963634	0.300574	0.3379385	0.0032673	0.1149299	0.2007903	0.0920922	0.232496	0.0094736	0.3498116	0.1666325	0.1106	0.0256179
2180	0.6782774	0.5420147	0.09716	0.6933174	0.2759886	0.3224158	0.0025943	0.0704246	0.1438027	0.0592488	0.3704385	0.0259202	0.2734674	0.1023977	0.1343341	0.0220061
2200	0.8137993	0.4624276	0.1339878	0.6654783	0.3420825	0.2798495	0.0052864	0.1015259	0.2574747	0.0762548	0.2416808	0.0108831	0.3267565	0.1069167	0.1498488	0.0309128
2220	0.6973553	0.4295986	0.2165278	0.6672678	0.2753511	0.4037404	0.0236415	0.1169125	0.178867	0.0528842	0.1919136	0.0195039	0.4453447	0.1087765	0.1277123	0.0445725
2240	0.7857107	0.3537604	0.2113916	0.68258	0.2558762	0.3025872	0.0110497	0.1185739	0.2388147	0.1173146	0.3227266	0.0211166	0.2943168	0.1321144	0.0863769	0.0236563
2260	0.7343567	0.3507417	0.1845132	0.7259813	0.2275137	0.4296169	0.4053981	0.2540645	0.2111525	0.0617664	0.2147021	0.0037862	0.3765932	0.1087536	0.1523218	0.0469303
2280	0.8823135	0.3058962	0.1887734	0.6633329	0.1602398	0.3291801	0.5069304	0.4293192	0.2068252	0.0929049	0.1887948	0.0203219	0.3107377	0.1243114	0.154109	0.032508
2300	0.6617881	0.4279254	0.2216245	0.7632583	0.2312456	0.4304014	0.6857298	0.4334771	0.2603919	0.1011891	0.2103615	0.0162397	0.3590654	0.0968777	0.1372148	0.0153002
2320	0.8653476	0.4113592	0.1885119	0.6723677	0.2387268	0.4936654	0.6486638	0.4346688	0.2830816	0.0996397	0.1169362	0.0096931	0.2728543	0.0986066	0.106736	0.0284895
2340	0.7194845	0.364778	0.1846642	0.7517834	0.2285109	0.4125529	0.846757	0.376313	0.2190793	0.079036	0.1486282	0.0157922	0.2681326	0.1718888	0.0945791	0.0264774
2360	0.8634049	0.4424031	0.1492594	0.761265	0.19975	0.3588633	0.8055441	0.494152	0.26257	0.110692	0.1230769	0.0059	0.3320906	0.1052112	0.0990264	0.0303708
2380	0.818171	0.3982154	0.2070969	0.7139092	0.2097659	0.21045	0.6652817	0.5546619	0.1982365	0.1425088	0.0954138	0.0029129	0.2882257	0.094592	0.1571914	0.0226977
2400	0.7953287	0.3709313	0.2500301	0.6969398	0.2535877	0.2411779	0.7271006	0.5018601	0.1844399	0.0469904	0.111791	0.0197948	0.4084274	0.123831	0.1893305	0.020185
2420	0.8148265	0.4269727	0.1421144	0.7296805	0.2262884	0.3332759	0.8249141	0.5514928	0.1745741	0.0724574	0.1503931	0.0141303	0.3044078	0.0946347	0.1116222	0.0173856
2440	0.736942	0.4511386	0.1914858	0.6200349	0.261823	0.3648052	0.7260243	0.5295722	0.2058716	0.0651742	0.1141777	0.0222509	0.2587642	0.1096526	0.1295007	0.025803
2460	0.7439526	0.4730442	0.1473979	0.637789	0.1994382	0.2720926	0.6934549	0.4642625	0.1983402	0.057063	0.1321443	0.0479674	0.4406428	0.0625852	0.1347915	0.0254792
2480	0.7927439	0.3916392	0.1645041	0.717844	0.1983614	0.2170834	0.7140917	0.5147993	0.2121588	0.0748238	0.0791236	0.0379484	0.3707022	0.1003558	0.116202	0.0238117
2500	0.7749354	0.2987853	0.1888774	0.8271518	0.2675235	0.3083083	0.7691299	0.5370133	0.2693673	0.0952494	0.091123	0.0338272	0.3527283	0.1118311	0.1177118	0.0240009
2520	0.770381	0.4995847	0.1543245	0.8124179	0.2277576	0.3030104	0.7819364	0.5361975	0.2784569	0.0434979	0.066462	0.0147787	0.314502	0.1192834	0.1541027	0.0290811
2540	0.9215867	0.4433574	0.2028692	0.7743856	0.2421819	0.3780728	0.6913549	0.4282538	0.1942419	0.0364494	0.1610419	0.0346461	0.359733	0.0788516	0.1310886	0.0654732
2560	0.7950435	0.393443	0.1523257	0.6867874	0.2510665	0.3401238	0.7316788	0.5218101	0.1994371	0.0325658	0.0919807	0.0046432	0.3732406	0.1113082	0.174975	0.0316218
2580	0.7142384	0.3684772	0.1651896	0.664778	0.2178911	0.3638817	0.7190757	0.5630858	0.1539505	0.0555128	0.1271209	0.018299	0.3255104	0.1302398	0.1059231	0.0353082
2600	0.880036	0.4067441	0.183459	0.690219	0.1663466	0.3365781	0.7731333	0.6182454	0.1255757	0.0428835	0.1497627	0.0110071	0.2968036	0.117123	0.1122241	0.0649498
2620	0.8251504	0.4053409	0.2327633	0.7516906	0.2786477	0.3160667	0.831893	0.4822004	0.207018	0.0574516	0.1048603	0.0119987	0.3598988	0.1090207	0.1708776	0.0265172
2640	0.7515296	0.3783095	0.1705223	0.729643	0.191334	0.398494	0.7082103	0.3502534	0.2038719	0.04999	0.119599	0.0344934	0.312974	0.1302964	0.1183257	0.0262747
2660	0.7901095	0.4331986	0.1971688	0.7612438	0.2670352	0.4226876	0.6729399	0.4816731	0.1658437	0.0590311	0.1411245	0.0090042	0.3018525	0.1407847	0.1072619	0.0464095
2680	0.7082778	0.4677073	0.2321968	0.7590342	0.2821017	0.3617331	0.8799941	0.539841	0.2118249	0.0799119	0.086733	0.0094664	0.3488862	0.0949537	0.1183207	0.0181288
2700	0.9333168	0.430227	0.1921513	0.7586962	0.2253192	0.3080595	0.7447479	0.5180913	0.1150283	0.0842753	0.0703357	0.002073	0.2967525	0.0979001	0.168819	0.0388908
2720	0.9286468	0.5028099	0.1403297	0.7111108	0.2086754	0.3004871	0.6327812	0.5352211	0.1551673	0.0800691	0.1110056	0.0103778	0.2573899	0.0994963	0.1576708	0.0089433
2740	0.9381498	0.4111169	0.2152753	0.623624	0.1632103	0.3515837	0.9032283	0.5234838	0.1591082	0.0732314	0.142117	0.0047649	0.2649941	0.1124762	0.1375785	0.0084808
2760	0.9058674	0.3968928	0.2142868	0.6530299	0.1960031	0.3282532	0.6670989	0.5387893	0.1611149	0.0736707	0.0848639	0.0089458	0.3083599	0.1392333	0.1659366	0.0052757
2780	0.6517423	0.4109376	0.1728126	0.5957552	0.2420606	0.3821301	0.8080554	0.5478401	0.2109703	0.1316294	0.1378673	0.008982	0.323075	0.1533351	0.1643185	0.0237534
2800	0.7186917	0.3645774	0.1529214	0.6762023	0.2246995	0.3401774	0.7637387	0.43356	0.2584176	0.0589108	0.1415769	0.0028584	0.3062536	0.0928839	0.155813	0.0545948
2820	0.8251281	0.505731	0.1997356	0.8665198	0.3070667	0.3577764	0.3858173	0.3561916	0.1409968	0.073941	0.1737583	0.013924	0.3202371	0.1411004	0.136924	0.0451455
2840	0.6883988	0.3778959	0.1686759	0.786597	0.2924435	0.3691946	0.1638499	0.2381693	0.1826502	0.1001526	0.1861124	0.0198059	0.2714606	0.0893538	0.1557457	0.0232118
2860	0.8472201	0.4565827	0.1420875	0.7080802	0.2871783	0.3218373	0.0736948	0.1808717	0.2464532	0.0945007	0.1700608	0.0085231	0.2791465	0.1567458	0.1268457	0.021424
2880	0.7515708	0.3929081	0.2377688	0.602853	0.326183	0.3111857	0.0360059	0.1660998	0.2694661	0.0502242	0.2049274	0.0312482	0.3660092	0.0888781	0.1020007	0.0178814
2900	0.7731505	0.483415	0.1512372	0.5787583	0.2104683	0.3385627	0.0104821	0.127786	0.2477313	0.0824037	0.2623594	0.0168529	0.2909041	0.1135034	0.1134493	0.0579942
2920	0.6522783	0.4561894	0.1645972	0.6648302	0.1787854	0.3185568	0.0081526	0.107512	0.3063092	0.1289535	0.3334622	0.0087043	0.3499623	0.1529922	0.155337	0.0172022
2940	0.8194355	0.3958171	0.1657008	0.9062771	0.2427316	0.3445358	0.008087	0.1162975	0.3257841	0.1006872	0.4038548	0.0094703	0.2942081	0.1972159	0.1808528	0.0394913
2960	0.8528988	0.3688882	0.1490059	0.7192946	0.202467	0.2877332	0.006438	0.0997054	0.2539352	0.1110804	0.2903049	0.023909	0.4375835	0.1662163	0.1372691	0.024125
2980	0.7711004	0.4616256	0.1623985	0.6616902	0.2311411	0.3037033	0.0077186	0.1169657	0.2127544	0.1015603	0.3034376	0.0142862	0.2898826	0.1435292	0.1074975	0.0313943
3000	0.8616504	0.3027132	0.2247622	0.7411256	0.2768277	0.3119015	0.0048183	0.078894	0.2992702	0.0595082	0.2930236	0.0174776	0.3570217	0.0769107	0.1127248	0.0155957
3020	0.9469552	0.369983	0.2068724	0.615003	0.1989221	0.3627313	0.0033091	0.0552439	0.24313	0.0567208	0.2829355	0.0081823	0.3810669	0.109169	0.1067065	0.0098864
3040	0.8640583	0.2709827	0.1803116	0.6464463	0.3134782	0.2494427	0.0059124	0.0448211	0.153076	0.129604	0.2950307	0.0100035	0.320993	0.0824305	0.0656759	0.0144184
3060	0.6774029	0.365775	0.1823107	0.5855056	0.2132231	0.3540239	0.0066198	0.1294415	0.27325	0.0374016	0.2761363	0.002846	0.2950974	0.1088475	0.1728443	0.0390834
3080	0.8341981	0.4405191	0.2451788	0.781031	0.2453884	0.3372154	0.002483	0.0790907	0.2370835	0.0686444	0.2845775	0.0210778	0.2541	0.2238304	0.1192886	0.0304902
3100	0.8676281	0.3469356	0.1993038	0.7852909	0.3145947	0.3587163	0.0006694	0.1025327	0.2579073	0.0610382	0.3247279	0.0095591	0.2486154	0.1414315	0.0948473	0.0296008
3120	0.8107488	0.3297258	0.1738399	0.7017238	0.3206917	0.2673709	0.0077325	0.091371	0.2185626	0.112406	0.3058413	0.0088436	0.3333422	0.1635653	0.1508572	0.049185
3140	0.7935774	0.4336431	0.1848149	0.6145326	0.230096	0.3338217	0.0108028	0.0821691	0.2168749	0.074573	0.3437238	0.0215338	0.3510379	0.1656911	0.1909974	0.0266909
3160	0.7056523	0.4708578	0.142365	0.7688326	0.2139631	0.3680846	0.0025381	0.083644	0.3004516	0.0563867	0.3009076	0.0276679	0.2926513	0.1544576	0.1337627	0.0216302
3180	0.6371506	0.5037404	0.1469698	0.7024807	0.2289509	0.2966537	0.0033997	0.0826306	0.3048131	0.0822032	0.2789463	0.0260301	0.2891344	0.1713334	0.21801	0.0372776
3200	0.606531	0.5415077	0.1618096	0.5041528	0.2044122	0.4042941	0.0237554	0.0832469	0.3354726	0.1030727	0.3594142	0.0342931	0.3988844	0.2013136	0.1179318	0.0496673
3220	0.849222	0.5030945	0.1968213	0.6228036	0.2893252	0.3864677	0.0154177	0.1008501	0.2721325	0.1056667	0.3865167	0.0325417	0.3187676	0.1262844	0.1583851	0.0390798
3240	0.9008298	0.5225985	0.2138253	0.8841236	0.2960545	0.3302179	0.0094072	0.0795462	0.3075881	0.0652162	0.3113581	0.0141594	0.3089084	0.1899984	0.1302948	0.0320838
3260	0.6840687	0.3511463	0.1740976	0.6834055	0.2182057	0.411135	0.0150501	0.1268125	0.290598	0.063519	0.2667736	0.011943	0.2407709	0.1624715	0.1141473	0.0168818
3280	0.6750976	0.4678442	0.1624826	0.6470706	0.2051151	0.3559272	0.0047992	0.1593217	0.2146165	0.0801821	0.3187243	0.0157282	0.3980224	0.1434119	0.1069564	0.0232573
3300	0.7556921	0.4289269	0.1540746	0.678629	0.2723906	0.4478506	0.0106458	0.1379737	0.2652083	0.0934011	0.3293902	0.0161086	0.264626	0.2518002	0.1173279	0.0250156
3320	0.6276984	0.4658895	0.2331157	0.6996625	0.3163133	0.3966797	0.0098547	0.0836357	0.2269364	0.0786547	0.35244	0.0147758	0.3563948	0.1409046	0.1883132	0.0480422
3340	0.7149272	0.3539856	0.2330113	0.6849455	0.293525	0.2621475	0.01102	0.0938608	0.241647	0.0528534	0.3211138	0.0377105	0.2895416	0.1299547	0.0762032	0.0490469
3360	0.7504106	0.4196251	0.1705065	0.8885788	0.2552472	0.4196461	0.0046681	0.1092554	0.2745887	0.0741877	0.2491638	0.0126801	0.3657244	0.1867662	0.1318074	0.0144945
3380	0.4671565	0.3547067	0.1090034	0.8149888	0.2578827	0.3748601	0.1028049	0.0994345	0.1185472	0.0859303	0.2523313	0.0668574	0.298318	0.1428783	0.1310878	0.0121998
3400	0.4947837	0.3327689	0.0918457	0.7340262	0.2386834	0.3137543	0.2258938	0.1121606	0.0692454	0.1217207	0.1938779	0.0937317	0.3098769	0.1624022	0.0954893	0.0197737
3420	0.3335218	0.3852772	0.1262358	0.7679418	0.2441245	0.4590107	0.2775349	0.1247704	0.0659478	0.1154339	0.2267696	0.1222444	0.3101082	0.1814167	0.1182129	0.0445879
3440	0.2988924	0.3690508	0.0836746	0.6662827	0.2088579	0.4318623	0.3668279	0.0813812	0.076731	0.1957583	0.1332777	0.1923631	0.3934612	0.2498737	0.0893075	0.0178918
3460	0.3025513	0.4144675	0.0653424	0.7437035	0.2051993	0.5289604	0.2615644	0.0282418	0.0564735	0.2089306	0.1818116	0.1835931	0.3957571	0.3093843	0.0441974	0.0574719
3480	0.2844178	0.4153846	0.0695206	0.6190162	0.3974292	0.6012313	0.2399112	0.0456755	0.0661754	0.2186096	0.2413008	0.2509854	0.5174035	0.2775816	0.0727128	0.0167593
3500	0.3369269	0.4645841	0.0923202	0.7733959	0.3146992	0.6130838	0.2797839	0.0722478	0.082454	0.2548989	0.1763719	0.2014675	0.5757044	0.4343549	0.1131634	0.0131996
3520	0.2824737	0.4480789	0.0663732	0.6273628	0.3954694	0.4623009	0.2921215	0.0632186	0.0885647	0.29735	0.2043112	0.2492666	0.4597677	0.3646715	0.0879123	0.0304615
3540	0.2515772	0.5652168	0.0575202	0.6613571	0.2639422	0.4837698	0.3091455	0.0544887	0.0738804	0.2976187	0.179342	0.2338327	0.5687471	0.4012561	0.061959	0.0545638
3560	0.3705688	0.471005	0.0767187	0.7076888	0.1958474	0.427557	0.3520604	0.0695329	0.0743085	0.3169191	0.1679338	0.1900588	0.4583635	0.3346358	0.0516629	0.0322791
3580	0.3081072	0.5332243	0.0806279	0.7102913	0.2861563	0.573215	0.3401621	0.0715138	0.056329	0.3233971	0.1305469	0.2304556	0.5281117	0.2860801	0.0350695	0.01336
3600	0.366331	0.432393	0.1156894	0.7750321	0.2535737	0.4805683	0.243399	0.058265	0.0454441	0.2972761	0.1630749	0.2265785	0.5160398	0.3101534	0.0710154	0.023508
3620	0.3594471	0.3710762	0.0844185	0.6943134	0.2830047	0.5020843	0.279783	0.0958232	0.0531262	0.3212494	0.1074443	0.1879259	0.5262867	0.3051576	0.0313795	0.0319497
3640	0.2959749	0.4142501	0.066374	0.6816428	0.3550728	0.5812911	0.3154235	0.0493785	0.0795619	0.2839017	0.1467198	0.2469617	0.5670567	0.1920877	0.0402831	0.0220114
3660	0.334181	0.4321741	0.085076	0.7474088	0.321957	0.5376167	0.2518539	0.0424883	0.0499975	0.2618319	0.1573721	0.2091564	0.5824627	0.2253669	0.0381221	0.0122781
3680	0.2694522	0.4085427	0.1069431	0.6810689	0.2226185	0.5213656	0.2917097	0.0562905	0.0815092	0.3207836	0.1470296	0.2214541	0.6085357	0.2227006	0.0601183	0.0087888
3700	0.4091061	0.4427782	0.1280685	0.6574816	0.2643642	0.5627907	0.2824898	0.0285356	0.0445115	0.323089	0.1577934	0.2222309	0.4795871	0.1904744	0.0467425	0.0241975
3720	0.3986762	0.4548011	0.1152098	0.5837649	0.2155724	0.4576422	0.2467444	0.0419831	0.0649006	0.2825708	0.1293296	0.2651394	0.4034137	0.2004372	0.0347341	0.0163532
3740	0.3884051	0.4595528	0.0831225	0.6724446	0.2872443	0.4083999	0.2658083	0.0677467	0.0862381	0.2682397	0.1809897	0.1445313	0.447219	0.2772623	0.0249248	0.0177791
3760	0.3125127	0.567399	0.0920645	0.5893886	0.2853335	0.4820845	0.3305795	0.0401582	0.0673913	0.3547043	0.1477144	0.1736069	0.5908997	0.2802803	0.0221884	0.0327379
3780	0.3400793	0.4417006	0.0921833	0.6968573	0.3048325	0.4858822	0.2730214	0.0379368	0.0795698	0.234447	0.174223	0.2617325	0.4896602	0.2923676	0.0410766	0.019732
3800	0.2963541	0.3204946	0.0650471	0.6880915	0.1672634	0.6215831	0.3607775	0.0400804	0.0863771	0.2814628	0.0878073	0.2375612	0.4836885	0.1880741	0.0339031	0.0331791
3820	0.3241457	0.3654769	0.0965219	0.6404251	0.337084	0.5810535	0.2839529	0.0422516	0.0477896	0.2904597	0.0958526	0.2348297	0.4122527	0.1797581	0.0619993	0.0056635
3840	0.3171609	0.4287937	0.1009536	0.6719819	0.3191933	0.5648922	0.2679242	0.0375827	0.0972222	0.2833748	0.1149455	0.1731801	0.4442683	0.12719	0.0370554	0.0313156
3860	0.3239178	0.319724	0.108131	0.7534932	0.2595311	0.5473523	0.3794718	0.0791217	0.062272	0.2402668	0.0968716	0.2785599	0.5338449	0.1740971	0.0449456	0.0287455
3880	0.3418499	0.414675	0.0713901	0.6033327	0.2819385	0.6460471	0.3689194	0.0237054	0.0958041	0.3077564	0.0740677	0.1753271	0.5166547	0.2022839	0.0630443	0.0204014
3900	0.2372829	0.4545495	0.0827487	0.6368176	0.2539658	0.5504363	0.2955684	0.0701835	0.0559717	0.330911	0.1678356	0.1862055	0.4266125	0.2585061	0.1060797	0.0683035
3920	0.3465637	0.3619172	0.0880514	0.7039472	0.2862469	0.4841203	0.4227713	0.0376324	0.0614782	0.3284286	0.1850124	0.2053548	0.5271856	0.2226494	0.0238532	0.0457172
3940	0.6917408	0.4853096	0.2198391	0.6724968	0.2391967	0.5308591	0.1342594	0.0728499	0.4158003	0.4135196	0.1286406	0.1466011	0.5117259	0.2896071	0.0427925	0.0159653
3960	0.6349792	0.4598693	0.1856611	0.7155022	0.2517688	0.4881915	0.0834289	0.0522204	0.4696931	0.2831696	0.1217571	0.1069552	0.5190362	0.3155366	0.0626848	0.0318092
3980	0.5787532	0.4386883	0.1989033	0.6675753	0.2638567	0.3779016	0.0352909	0.0587174	0.4302895	0.2259615	0.2182048	0.1051703	0.3838138	0.2334603	0.0731645	0.0518931
4000	0.8702503	0.577144	0.2869376	0.6252877	0.2195343	0.3598215	0.0135618	0.0547209	0.4033988	0.1953214	0.2289279	0.0729907	0.4859948	0.2807468	0.0699692	0.018374
4020	0.7109179	0.3754208	0.2251983	0.7456469	0.2995436	0.3048529	0.0206665	0.0691751	0.3897502	0.146223	0.1920274	0.1078001	0.4537301	0.3188083	0.1161149	0.0349686
4040	0.6979928	0.4310827	0.1605838	0.7376822	0.2365367	0.3477353	0.0068399	0.069065	0.3380578	0.1039698	0.2879625	0.0355981	0.4081191	0.1510745	0.0704439	0.0519887
4060	0.7943119	0.2790824	0.1761948	0.6450973	0.2365663	0.3259636	0.0031629	0.0758513	0.2754081	0.0836341	0.3093567	0.0404191	0.3397956	0.1602128	0.1292956	0.0291407
4080	0.7081689	0.4620772	0.2187088	0.7440154	0.2235028	0.3037861	0.0093114	0.0657785	0.3564465	0.0839009	0.2650915	0.0560999	0.244369	0.1674183	0.1061755	0.027299
4100	0.6986091	0.445004	0.2110189	0.7934003	0.2840525	0.3121668	0.0103213	0.1089475	0.2655968	0.0684491	0.2338466	0.02105	0.4069754	0.1500236	0.1682429	0.0257215
4120	0.7858704	0.5116175	0.2520976	0.64504	0.3178654	0.3117316	0.0028028	0.0550345	0.2016505	0.0606803	0.2005479	0.0116147	0.2748151	0.1242386	0.1489821	0.0477688
4140	0.7269713	0.4211536	0.1967001	0.6539245	0.2034017	0.2772403	0.0127518	0.0685785	0.3529776	0.0988854	0.1977122	0.006557	0.3234545	0.1102408	0.0997347	0.0335849
4160	0.764558	0.3823135	0.2562196	0.6920951	0.2897782	0.3394381	0.0008617	0.1047416	0.1590957	0.0818586	0.2495823	0.0161151	0.3819481	0.1297462	0.1416313	0.0515831
4180	0.8533315	0.3800887	0.1299072	0.665335	0.337518	0.2691294	0.0025875	0.0721733	0.1599141	0.0726384	0.2391593	0.0238585	0.2289808	0.0821994	0.1265406	0.0190965
4200	0.6991389	0.4163135	0.2082682	0.6602266	0.267219	0.373887	0.0118784	0.0820373	0.2701774	0.0649944	0.296906	0.0191429	0.3405713	0.1186299	0.131883	0.0241579
4220	0.6935979	0.4021954	0.2002047	0.6565153	0.2686989	0.4277063	0.0158061	0.1110726	0.2378158	0.0791302	0.3087845	0.0115139	0.374281	0.1199117	0.1653044	0.0378355
4240	0.6440982	0.396267	0.1663363	0.6453997	0.2198923	0.3430097	0.0184726	0.1451649	0.2075184	0.0630064	0.2988728	0.0128195	0.3976795	0.1051639	0.164062	0.0578888
4260	0.7112638	0.4443193	0.2175397	0.6846816	0.1793501	0.344772	0.0100505	0.1043066	0.1746714	0.0662509	0.3658088	0.0297828	0.2050542	0.1580758	0.1556058	0.0466616
4280	0.6504538	0.5386087	0.1641204	0.810162	0.2384025	0.3968623	0.0071952	0.0848188	0.2083529	0.0815142	0.3408547	0.0124944	0.2221516	0.1286594	0.2130196	0.0518612
4300	0.6905087	0.5388045	0.1750851	0.7952542	0.2286587	0.3920441	0.0239406	0.1506541	0.1534137	0.052022	0.2584859	0.0241965	0.2940848	0.068764	0.1401063	0.0456153
4320	0.7031022	0.4391225	0.2107389	0.7648732	0.2943191	0.2940454	0.0076633	0.0946497	0.1742987	0.0616665	0.3150424	0.0157053	0.3218201	0.0905466	0.181907	0.0525439
4340	0.8756825	0.4001542	0.1823721	0.7375155	0.3432812	0.3200858	0.0039065	0.1080314	0.1993112	0.0808396	0.3726743	0.013633	0.2839714	0.1403066	0.1594255	0.043478
4360	0.8407489	0.5255442	0.205323	0.8037182	0.2603287	0.3470391	0.0020192	0.093119	0.1767317	0.0684409	0.3147032	0.0170142	0.2954168	0.1207177	0.1905931	0.0533245
4380	0.7185984	0.4078828	0.2649209	0.8261387	0.3421941	0.3927142	0.0098946	0.0915635	0.1760413	0.0879124	0.2933881	0.0100945	0.3124623	0.0907221	0.1294686	0.0241346
4400	0.6557044	0.3862133	0.1637167	0.6232354	0.2681676	0.3024692	0.004184	0.0888112	0.1631232	0.0770314	0.2908351	0.0247906	0.2046531	0.1105396	0.1464159	0.0338008
4420	0.6782638	0.3770921	0.2309709	0.7378245	0.2021896	0.4222571	0.0025141	0.0656208	0.2278963	0.108681	0.3110926	0.0162883	0.3060038	0.1109147	0.1082396	0.0371151
4440	0.7400312	0.3236193	0.2221826	0.7912749	0.2455191	0.4378601	0.0041456	0.0654371	0.2347051	0.1204125	0.4204053	0.0137234	0.3087705	0.1750052	0.1154921	0.0226966
4460	0.6637309	0.470941	0.1666002	0.6782901	0.2864228	0.3602235	0.0029017	0.0809014	0.3078997	0.0869886	0.284001	0.0167568	0.3353197	0.1774922	0.1044135	0.0228711
4480	0.7402816	0.4230991	0.1828569	0.8122522	0.2238154	0.3698377	0.0080815	0.0962029	0.2835194	0.0501978	0.2700326	0.012023	0.3344252	0.1054614	0.1440003	0.0462019
4500	0.8275371	0.3477145	0.1778364	0.7643315	0.2079642	0.2536455	0.0111284	0.2466377	0.1186916	0.1299963	0.2458341	0.0108653	0.3257164	0.0854867	0.1173991	0.0315721
4520	0.8116174	0.551081	0.1385871	0.7921824	0.2427859	0.2662365	0.0069956	0.3076186	0.139378	0.1055524	0.2399112	0.0117172	0.3195894	0.1017556	0.167449	0.0150567
4540	0.6928983	0.4243143	0.1282793	0.7583007	0.2857211	0.3348899	0.0039465	0.2915646	0.1475173	0.0714039	0.3098691	0.0231747	0.2752595	0.0611425	0.1087492	0.0414629
4560	0.7252735	0.3692222	0.1894101	0.5409887	0.211291	0.2800796	0.0075839	0.4384809	0.1875817	0.1041303	0.2872742	0.0367152	0.2719384	0.1018724	0.1274875	0.0374783
4580	0.7045961	0.3223009	0.1612491	0.6873173	0.209556	0.2869818	0.0132478	0.4463165	0.1279331	0.0857282	0.2617556	0.0150059	0.2957521	0.0609081	0.135071	0.0487899
4600	0.8283912	0.419767	0.2171428	0.6739024	0.2799771	0.2555293	0.0118218	0.4002966	0.1999711	0.0769075	0.2781653	0.014578	0.4045661	0.1023589	0.1637159	0.0533601
4620	0.6366136	0.3543592	0.2319561	0.7518891	0.2870274	0.4326732	0.0074453	0.4695142	0.154139	0.1272804	0.3341762	0.0277851	0.3432813	0.1450375	0.205264	0.0630366
4640	0.7386544	0.3905691	0.2019308	0.7858864	0.2708706	0.4519103	0.0072799	0.4600739	0.2093136	0.1024413	0.3537233	0.0080569	0.4299028	0.1532855	0.1677241	0.0380385
4660	0.6702167	0.4202383	0.2544696	0.6392112	0.2327966	0.3973263	0.0071444	0.4576084	0.1915014	0.0553824	0.2440658	0.011195	0.3257451	0.1507273	0.1339939	0.0411763
4680	0.8555328	0.3645129	0.1992017	0.7292528	0.1859327	0.2963589	0.0156373	0.4716661	0.2049281	0.1238995	0.3342732	0.0188263	0.3438003	0.1030793	0.1366559	0.024196
4700	0.8467147	0.3737632	0.1740933	0.7278651	0.3199108	0.3261454	0.0145639	0.4610229	0.1791158	0.074903	0.26164	0.007606	0.4383925	0.0848284	0.1080469	0.0161622
4720	0.84044	0.5119902	0.1623037	0.7604955	0.3077925	0.3318903	0.0075616	0.3431678	0.2350788	0.0725282	0.1964783	0.0134919	0.3029559	0.0926952	0.0918409	0.0475448
4740	0.9420965	0.3574693	0.1727609	0.715144	0.3175592	0.2340005	0.0053571	0.4697416	0.1729075	0.0780351	0.2753859	0.0069635	0.3095579	0.0945351	0.1427665	0.0298868
4760	0.7284536	0.4107551	0.1502664	0.6400841	0.3266996	0.3550021	0.005888	0.4310871	0.1674448	0.1162528	0.220233	0.0198093	0.3438774	0.1055948	0.1596546	0.0362768
4780	0.9830159	0.4271857	0.2360548	0.5823509	0.2073811	0.316803	0.0101876	0.3685801	0.173936	0.1173009	0.1998953	0.0509105	0.3306381	0.0971784	0.1142487	0.0650393
4800	0.8131788	0.5084342	0.1794312	0.724023	0.220513	0.3291166	0.0053914	0.4278655	0.1412084	0.0828522	0.1846158	0.0134751	0.3367949	0.0785079	0.121652	0.0358095
4820	0.6231226	0.4597653	0.2276707	0.846015	0.2732956	0.2820434	0.0018244	0.4136894	0.1877023	0.1010549	0.2266519	0.0229592	0.3056458	0.089352	0.1020762	0.0243276
4840	0.7445053	0.4286783	0.1643317	0.6312259	0.357835	0.2983507	0.0082853	0.4654702	0.19538	0.0855865	0.2424067	0.0053191	0.3644557	0.0541147	0.0887298	0.0550377
4860	0.7537966	0.3730365	0.1672797	0.6969426	0.2087213	0.3973102	0.0027395	0.3517795	0.1998241	0.1162611	0.2355815	0.0017046	0.283276	0.1270817	0.130939	0.0467862
4880	0.662201	0.4362835	0.1195103	0.7306041	0.3234565	0.372366	0.0006747	0.4048983	0.1894639	0.0956204	0.2146624	0.0109606	0.3510984	0.123112	0.1180433	0.0564745
4900	0.996801	0.3459762	0.1163022	0.8222691	0.2689398	0.2926501	0.0094984	0.4068531	0.2111477	0.131847	0.1987702	0.0140583	0.3162081	0.1286293	0.144777	0.0537831
4920	0.7843764	0.3178918	0.121727	0.7061145	0.2116261	0.3483208	0.0097308	0.3574828	0.2311242	0.118381	0.2762271	0.0107301	0.2988336	0.1366521	0.1186886	0.017177
4940	0.7885844	0.4912947	0.1654024	0.7721231	0.3046432	0.2974344	0.0114806	0.5827975	0.2231945	0.0591045	0.2150899	0.0030227	0.2845784	0.1341435	0.1711015	0.0320537
4960	0.7246506	0.5081266	0.1791578	0.668002	0.3295924	0.3018591	0.0172956	0.5195697	0.2348407	0.0908759	0.2380686	0.0069428	0.2956773	0.0840968	0.133162	0.0270644
4980	0.859334	0.3892875	0.2196053	0.6235287	0.3257757	0.3759046	0.0025668	0.4042375	0.2325341	0.0788311	0.2359682	0.00247	0.3104651	0.1728347	0.1393053	0.0365173
5000	0.9451807	0.3908698	0.1600217	0.6396815	0.221434	0.4301822	0.0016593	0.4236839	0.2085692	0.0741303	0.2384912	0.013161	0.3839265	0.1124713	0.0987327	0.0450694
5020	0.8880429	0.3869483	0.1896282	0.6434368	0.1842223	0.3636115	0.004811	0.4030273	0.1316467	0.1126053	0.3195597	0.0137926	0.2590871	0.1673498	0.11484	0.0487119
5040	0.74886	0.385632	0.1802195	0.8786861	0.2910713	0.3784802	0.0024389	0.4142718	0.1708239	0.0528146	0.2954902	0.0125552	0.4234856	0.1282758	0.0922506	0.0683193
5060	0.8376814	0.5473488	0.187758	0.7551082	0.2837791	0.2636901	0.0084788	0.3193007	0.1931326	0.05701	0.2727294	0.0227002	0.3517329	0.1081584	0.1448422	0.0111612
5080	0.7478717	0.3467919	0.1559455	0.745267	0.25456	0.2678298	0.0020287	0.1856787	0.2122353	0.0593945	0.3079195	0.0117385	0.4149993	0.1605511	0.1198348	0.0147417
5100	0.6988038	0.3904043	0.2136796	0.5682687	0.2763116	0.2832366	0.0090086	0.135929	0.2086948	0.0914941	0.2860032	0.0230593	0.2495282	0.1051841	0.1182894	0.0135956
5120	0.7228259	0.4519585	0.1466859	0.6429998	0.224768	0.3429801	0.0059727	0.1481387	0.2103763	0.0800437	0.3607562	0.0301499	0.3370459	0.1478182	0.1560908	0.0334183
5140	0.6749262	0.3372092	0.179328	0.6199915	0.3234502	0.2728878	0.0187876	0.1398268	0.1936449	0.1000508	0.2793692	0.0185748	0.3092872	0.1120198	0.1530779	0.0132246
5160	0.6559568	0.2810887	0.1898368	0.6311557	0.2934264	0.3393991	0.0175328	0.0925769	0.2029762	0.0594608	0.3342677	0.0205888	0.3657657	0.1384498	0.123705	0.0348806
5180	0.8387471	0.3021714	0.1957079	0.7099245	0.3411158	0.3991532	0.0086245	0.0700469	0.1868863	0.0427831	0.2671455	0.0047783	0.3365968	0.1706864	0.1172145	0.0176655
5200	0.9573181	0.3140717	0.2207846	0.5593646	0.2105228	0.4242779	0.010904	0.0675939	0.1914657	0.0657629	0.2630427	0.0049106	0.3025474	0.0981384	0.0614455	0.0486903
5220	0.82755	0.3326054	0.1754272	0.6359043	0.2568108	0.3285376	0.0058066	0.0589296	0.2640289	0.0586095	0.272648	0.0077947	0.3160537	0.1636847	0.1117705	0.0322282
5240	0.756898	0.3027285	0.2006527	0.7686767	0.2295651	0.3101752	0.0147826	0.0674764	0.1219911	0.081721	0.1548653	0.0153864	0.3021389	0.0922031	0.0977177	0.0113932
5260	0.7804361	0.3730748	0.1784078	0.7540381	0.2695062	0.2525849	0.0033631	0.0888368	0.1864281	0.1197356	0.2099284	0.0085154	0.3058057	0.1235659	0.0950037	0.0319084
5280	0.9366302	0.4864536	0.2162822	0.6593687	0.2897695	0.3892557	0.0023061	0.0649705	0.2537417	0.0611053	0.2123508	0.0098838	0.2220335	0.1202883	0.1525981	0.0202559
5300	0.6979443	0.5125652	0.1599026	0.7435646	0.3026686	0.3478633	0.0020585	0.049534	0.1508384	0.0417222	0.3120077	0.0162721	0.2229353	0.1794525	0.07932	0.0389045
5320	0.6625227	0.3878215	0.2591619	0.6249592	0.3076239	0.3940927	0.0074685	0.1093557	0.2126128	0.0768976	0.2930369	0.0175424	0.2850801	0.1178549	0.140459	0.0422479
5340	0.7159677	0.35286	0.222003	0.7403083	0.2695526	0.3475832	0.0019469	0.0908071	0.197279	0.0533296	0.2049339	0.0130772	0.3081336	0.0845307	0.1604294	0.0358599
5360	0.7166157	0.3728906	0.2305885	0.7352464	0.1802814	0.2694055	0.0227373	0.1013714	0.2503645	0.0371737	0.2604001	0.0157602	0.3136707	0.0897109	0.1191224	0.0586227
5380	0.794242	0.4813954	0.2708948	0.7246192	0.3511473	0.3867949	0.0052135	0.0991274	0.1969352	0.077869	0.3430445	0.0058415	0.2300268	0.1028046	0.1612381	0.0433995
5400	0.8223549	0.4805017	0.1631116	0.6736408	0.3140058	0.331533	0.0178091	0.0620983	0.1236114	0.0618944	0.2731734	0.0066204	0.2345336	0.1166904	0.1332062	0.0404219
5420	0.7605816	0.5114796	0.158767	0.6699023	0.2762665	0.3128975	0.0052696	0.07567	0.1117313	0.0674203	0.2747751	0.0059596	0.3587512	0.1284146	0.2095361	0.0356934
5440	0.7091325	0.4195003	0.1913015	0.6654175	0.1970746	0.3132127	0.0093307	0.092777	0.118264	0.0950961	0.2684107	0.0228048	0.2708023	0.1111101	0.1171779	0.0203704
5460	0.6962678	0.4247381	0.1616097	0.5907211	0.2806043	0.3355767	0.0043338	0.0640658	0.1641803	0.0969274	0.265872	0.0158264	0.2927289	0.1144377	0.1023515	0.0436614
5480	0.6889884	0.3258049	0.1814859	0.5777876	0.2347321	0.3582049	0.0092726	0.0685604	0.1647956	0.1207317	0.2151089	0.0077685	0.2693228	0.1308167	0.1730983	0.0165919
5500	0.7650407	0.3950982	0.2196744	0.6886684	0.2390728	0.4960626	0.0040844	0.0554743	0.2619243	0.0582222	0.2748086	0.0173248	0.288434	0.0974146	0.1069272	0.039703
5520	0.7255042	0.3654348	0.2175061	0.7680408	0.2240282	0.4178045	0.0119233	0.0494865	0.1498704	0.0625432	0.1952788	0.0087258	0.2495406	0.0903766	0.0570163	0.0251306
5540	0.6348342	0.4560982	0.2024928	0.5657869	0.3460982	0.3094364	0.0195106	0.0920448	0.240135	0.0384099	0.2332558	0.0095385	0.2730563	0.086991	0.12818	0.016884
5560	0.7156695	0.4052929	0.2117753	0.7808873	0.2439095	0.2994445	0.0092648	0.0557722	0.2152153	0.086298	0.2045536	0.0121009	0.264833	0.1322006	0.1508383	0.0342643
5580	0.7371625	0.3713716	0.1868574	0.8052872	0.283226	0.3706677	0.0074969	0.0565984	0.2036077	0.061585	0.2284984	0.0066049	0.3387544	0.115324	0.0978131	0.0607564
5600	0.7406638	0.3193233	0.1847123	0.8921657	0.3422022	0.3855509	0.0225088	0.1102446	0.2301481	0.091271	0.3814892	0.0160844	0.324189	0.1256541	0.1134809	0.0142061
5620	0.7960086	0.4581086	0.1729709	0.4799814	0.2198704	0.618681	0.0058715	0.0972773	0.1733523	0.0622857	0.3706737	0.0108876	0.3701362	0.2327936	0.1433577	0.1904303
5640	0.6054893	0.4749067	0.1737399	0.5163394	0.2980754	0.492286	0.006082	0.0996594	0.203289	0.1229469	0.2777346	0.0136811	0.351693	0.1176795	0.1000113	0.3780353
5660	0.6200078	0.3034678	0.2072107	0.4631465	0.2074451	0.5675791	0.0058892	0.151446	0.3009179	0.0815137	0.2608126	0.0043817	0.3788869	0.1929604	0.1434072	0.5344896
5680	0.6762633	0.4345164	0.2782318	0.4452195	0.2345797	0.496016	0.0104538	0.1082542	0.3158108	0.1041948	0.2609302	0.0061941	0.3842314	0.235455	0.0918335	0.4659991
5700	0.7011251	0.4687252	0.1530082	0.4141618	0.2348041	0.6170439	0.0223058	0.0673399	0.202076	0.1266234	0.2354049	0.009779	0.3554091	0.222244	0.1311389	0.5487709
5720	0.6107708	0.373	0.2174653	0.3727978	0.2070912	0.4901237	0.011814	0.0664508	0.437275	0.0692713	0.2104394	0.0166157	0.3670649	0.1761792	0.1329611	0.6259729
5740	0.8613137	0.4406734	0.1605246	0.4175999	0.2505717	0.5829285	0.0146587	0.1011607	0.2590055	0.0829217	0.2447815	0.0122694	0.308903	0.2538691	0.127554	0.6288134
5760	0.7734936	0.5532645	0.2310476	0.5032203	0.2355734	0.4053587	0.0039867	0.0964938	0.3269456	0.1094949	0.277891	0.0082112	0.3918202	0.1514833	0.212172	0.656574
5780	0.6343511	0.3849995	0.1229993	0.5687875	0.2702448	0.6568113	0.0097313	0.0979078	0.2535144	0.0741544	0.2521871	0.0103087	0.257345	0.1721281	0.1299831	0.6359587
5800	0.6779215	0.394785	0.1883186	0.4408477	0.2562716	0.7391097	0.0028575	0.1026141	0.1771377	0.1182804	0.2611278	0.0065579	0.3212194	0.1186948	0.1171198	0.6640546
5820	0.6361315	0.4791123	0.1538056	0.3635871	0.2491923	0.7065604	0.0055721	0.0836662	0.2282547	0.0723375	0.3312739	0.0043898	0.3247772	0.1695373	0.1071633	0.725621
5840	0.6773699	0.3701657	0.215473	0.3518363	0.3520836	0.6322155	0.0051521	0.1312802	0.2505361	0.058762	0.2260365	0.0225695	0.3052688	0.1089353	0.0977551	0.6904104
5860	0.6190379	0.4063233	0.1686952	0.3789103	0.2998196	0.4948131	0.0028126	0.0935528	0.3074694	0.089215	0.2879434	0.0163733	0.253099	0.2367547	0.110465	0.7241584
5880	0.7398676	0.3916759	0.1617455	0.3403991	0.2758848	0.6392326	0.0009873	0.0547264	0.2676943	0.0734784	0.3319315	0.0277722	0.2654448	0.1564632	0.1023472	0.7329513
5900	0.5834672	0.3415178	0.1788063	0.4033263	0.3425399	0.5381891	0.0017781	0.1186957	0.2726996	0.0588729	0.299589	0.0059897	0.3561238	0.1832794	0.1193909	0.696456
5920	0.6344315	0.4335178	0.2068144	0.3912675	0.2440038	0.4831564	0.0023745	0.0635001	0.3172383	0.0754917	0.284457	0.0167889	0.363355	0.1386099	0.0887408	0.88345
5940	0.6272522	0.5177605	0.1970806	0.5045241	0.2225381	0.5833969	0.0052697	0.0560238	0.3048664	0.0546915	0.2172909	0.01514	0.2893298	0.1692422	0.1391159	0.781181
5960	0.7181589	0.4266453	0.181651	0.363967	0.3255098	0.6804587	0.004838	0.0950716	0.2809753	0.0818328	0.2953502	0.0122403	0.4539194	0.0970893	0.1479802	0.7831767
5980	0.6948603	0.4819812	0.1788279	0.4007102	0.2914277	0.6277055	0.0118045	0.0951856	0.1669349	0.0495187	0.3132897	0.0093513	0.3630818	0.1485219	0.1351188	0.6756935
6000	0.8147998	0.3640185	0.1901875	0.4022145	0.2692163	0.6120431	0.0083933	0.0489564	0.2172559	0.0799858	0.2888545	0.0085053	0.4035436	0.177739	0.1359806	0.6790413
6020	0.6771386	0.4473493	0.2025858	0.4281388	0.2053203	0.5725307	0.0045741	0.1032666	0.2809482	0.0778016	0.2572964	0.0080757	0.2937951	0.1359979	0.1597808	0.659035
6040	0.7558312	0.3895129	0.1831601	0.4151046	0.4122174	0.6733643	0.0021199	0.0774402	0.3328328	0.0804754	0.302521	0.0038237	0.3134122	0.225176	0.0908697	0.6920642
6060	0.6178693	0.4379618	0.2661332	0.4542554	0.2090907	0.6042117	0.0049496	0.0444356	0.2299844	0.0730046	0.1965132	0.0086861	0.2799717	0.1751308	0.1033543	0.6765562
6080	0.6046526	0.4510834	0.2139889	0.5422702	0.2688479	0.642283	0.0008912	0.1191185	0.2572098	0.0651363	0.2321572	0.0069581	0.3403309	0.2152027	0.1125452	0.8574894
6100	0.7387086	0.3788659	0.2309294	0.4188975	0.2178851	0.5271005	0.0011052	0.0863512	0.3274942	0.0600206	0.3005806	0.0110349	0.2702964	0.1436603	0.1554617	0.5126154
6120	0.6639533	0.4634821	0.1958753	0.3903856	0.2317894	0.6127194	0.0098346	0.0620026	0.3204224	0.0834016	0.2132701	0.0050178	0.3503718	0.1228869	0.1916259	0.6240557
6140	0.6084695	0.4038953	0.1882552	0.4849121	0.230066	0.5554565	0.0058089	0.0783416	0.1948051	0.111062	0.2667545	0.0075169	0.2880081	0.1197118	0.115111	0.623495
6160	0.5941761	0.3552844	0.1335049	0.5493606	0.4183958	0.5320796	0.0038686	0.0491288	0.2629831	0.0836568	0.2828234	0.0128257	0.3078434	0.143989	0.1315168	0.7147794
6180	0.6344685	0.4024074	0.1779647	0.6922391	0.3153711	0.3832926	0.0053815	0.109569	0.2182898	0.1237118	0.2984226	0.0161554	0.2687294	0.176986	0.162439	0.5086827
6200	0.7644329	0.3647621	0.1535789	0.7348289	0.238809	0.3803355	0.0042316	0.1111449	0.2438364	0.0885233	0.2258404	0.0091006	0.350878	0.1228779	0.1268188	0.2752219
6220	0.6595421	0.4867231	0.2126667	0.6947055	0.2495911	0.3822806	0.0037043	0.0752839	0.3691337	0.0712045	0.2879888	0.0052773	0.4194711	0.1189699	0.1199163	0.1563597
6240	0.7548791	0.3387521	0.1150236	0.7707925	0.2269025	0.3698782	0.0032639	0.0927438	0.3053151	0.1083362	0.3016325	0.0128479	0.3426881	0.2272932	0.0953488	0.1375083
6260	0.8108228	0.3806255	0.2006908	0.6212608	0.2783183	0.3788611	0.0053221	0.0835658	0.306	0.0717933	0.3167241	0.011167	0.2959332	0.1295105	0.1008247	0.0956242
6280	0.8381451	0.3653537	0.2218622	0.787901	0.3347892	0.2938083	0.0052371	0.0678286	0.2989544	0.0725457	0.2766172	0.0053301	0.3733795	0.1193637	0.1788092	0.1032034
6300	0.7749832	0.3891156	0.1671536	0.7572526	0.3702784	0.2334594	0.0082867	0.0966069	0.1709105	0.0660207	0.2645156	0.0115645	0.2802858	0.0813916	0.1322972	0.0477193
6320	0.6568637	0.3605274	0.1973258	0.672734	0.2788433	0.3194466	0.0010859	0.067271	0.1857187	0.0551847	0.2316418	0.0175797	0.3161994	0.1499266	0.0844321	0.0192815
6340	0.7910494	0.5204971	0.1866063	0.6835358	0.2792444	0.3517942	0.0032845	0.0876012	0.1507976	0.0786395	0.3509959	0.0322479	0.2860846	0.0788114	0.1068677	0.0462657
6360	0.7937772	0.4125178	0.2277853	0.5935476	0.3003405	0.352605	0.0063398	0.1141917	0.1669284	0.0670087	0.2942994	0.0267673	0.2338256	0.083081	0.1364542	0.0428322
6380	0.8004331	0.4361303	0.2475341	0.6359079	0.3153041	0.348304	0.0035662	0.1283137	0.1800256	0.0655779	0.2837707	0.0175987	0.3354142	0.0833722	0.0937048	0.0147282
6400	0.7658833	0.3967844	0.1841747	0.6444052	0.2806659	0.3316912	0.0038548	0.1210574	0.1837483	0.0963139	0.2475896	0.0150611	0.3353274	0.103654	0.1266007	0.009891
6420	0.8195906	0.4148206	0.1663685	0.8550864	0.2942536	0.3841772	0.0053189	0.1007625	0.207513	0.0693084	0.3318102	0.039515	0.3730784	0.1598448	0.1379993	0.0557697
6440	0.9460253	0.4166928	0.177143	0.7234009	0.2935085	0.3111896	0.0047969	0.0868442	0.2178085	0.1040787	0.2608592	0.0125486	0.3028678	0.1250912	0.0994744	0.0441855
6460	0.7705642	0.4191687	0.1713985	0.8556185	0.2517161	0.3066908	0.0039531	0.0636052	0.2440489	0.1209924	0.2838682	0.0237186	0.3512977	0.1558859	0.1527855	0.0250053
6480	0.7663152	0.399444	0.1982998	0.7159939	0.3168049	0.3661422	0.0049597	0.0807093	0.1341309	0.112809	0.2354055	0.0196013	0.2195633	0.1617726	0.105016	0.0316463
6500	0.6397932	0.3209195	0.1642565	0.8178719	0.3133882	0.3388598	0.0060767	0.1012884	0.197022	0.0551724	0.3366603	0.0193962	0.3077652	0.1396526	0.1051134	0.0217649
6520	0.7214587	0.4404543	0.1393866	0.6576359	0.2696598	0.4129377	0.0044954	0.0759025	0.2049609	0.1007357	0.3021649	0.0089198	0.2988802	0.1235542	0.1006658	0.0321565
6540	0.7048128	0.4330111	0.1321243	0.6460808	0.3175282	0.3538852	0.0140979	0.1290379	0.1875722	0.0574385	0.2686956	0.0063803	0.3069015	0.1707449	0.1282501	0.0247214
6560	0.7223641	0.5062885	0.1820634	0.7421854	0.3360036	0.3584601	0.0060164	0.0528919	0.2247053	0.0887061	0.2723648	0.0052172	0.2688617	0.1731262	0.1772509	0.0399214
6580	0.7000504	0.523954	0.2039397	0.6912696	0.3057178	0.3158929	0.0035256	0.0898047	0.3237161	0.0838964	0.3498029	0.0059306	0.343372	0.2205535	0.1362447	0.0286694
6600	0.7823334	0.4300632	0.1217783	0.6346538	0.2250823	0.3732172	0.0164952	0.1218375	0.2422604	0.0671455	0.2881546	0.0079149	0.3782037	0.1128053	0.2279642	0.049382
6620	0.8068325	0.5424802	0.176613	0.7885553	0.2811761	0.2997708	0.0165124	0.1195674	0.2673863	0.0773271	0.3064874	0.0186376	0.3388396	0.1134161	0.1644408	0.0627754
6640	0.8335029	0.3623554	0.2035518	0.6155801	0.1929194	0.3476767	0.0071332	0.0609268	0.2297611	0.0611145	0.2729793	0.0065691	0.3127562	0.1687524	0.0967437	0.0317382
6660	0.8194736	0.3785873	0.1923088	0.6533859	0.2249168	0.3527097	0.0057207	0.0859917	0.2608172	0.0420822	0.290685	0.0115525	0.3023827	0.1182414	0.1001959	0.0210819
6680	0.702878	0.3546082	0.1657412	0.6971635	0.266108	0.3618224	0.0006695	0.1108139	0.2706618	0.0835871	0.2456472	0.0111229	0.301011	0.1234148	0.1605937	0.0157937
6700	0.7173774	0.4199195	0.2144209	0.78072	0.214207	0.3736472	0.0033873	0.0830969	0.3761207	0.0837512	0.2642146	0.0172364	0.2947902	0.1545353	0.0991	0.0200427
6720	0.850607	0.4183084	0.1955805	0.7440999	0.2305406	0.3743717	0.0160141	0.128735	0.2649041	0.0955647	0.332984	0.0064839	0.350102	0.1119929	0.1288	0.0203378
6740	0.8137373	0.4599715	0.2337604	0.5699667	0.4657366	0.3146287	0.2812104	0.0689038	0.2200371	0.0630428	0.1922564	0.0064179	0.341168	0.4612787	0.223141	0.0295578
6760	0.8578049	0.3410212	0.164749	0.7130348	0.403288	0.355475	0.3678848	0.1229027	0.2822862	0.0754747	0.1424341	0.0272506	0.3794075	0.6357073	0.3886267	0.02784
6780	0.6882403	0.4631948	0.1173502	0.5748452	0.3291351	0.3160853	0.3727526	0.1052785	0.2577585	0.0733471	0.1288415	0.0087179	0.3639915	0.6808888	0.421134	0.0167622
6800	0.7833681	0.3292053	0.1451303	0.7664489	0.4085098	0.4490196	0.4258113	0.1021725	0.2784222	0.1290699	0.1090207	0.0362564	0.3502497	0.6304986	0.5358958	0.0892633
6820	0.7495578	0.3569546	0.1173499	0.595685	0.3582809	0.3181666	0.4040282	0.0919559	0.167165	0.0690877	0.1740378	0.0236564	0.3361421	0.5448525	0.6183532	0.0482282
6840	0.738116	0.3282923	0.1180666	0.8042308	0.3098846	0.2607393	0.4404546	0.0638003	0.1127397	0.0578047	0.0842128	0.0083992	0.3702792	0.6029726	0.5977648	0.0367449
6860	0.7129708	0.3720354	0.0573375	0.6782638	0.3022005	0.2911098	0.3855588	0.0797844	0.1527583	0.0565024	0.0459912	0.0032364	0.3417653	0.6332546	0.5163164	0.0592932
6880	0.8804696	0.3630452	0.1263408	0.5939961	0.2948758	0.2636449	0.4330814	0.0584578	0.2324861	0.0445036	0.0823195	0.0053729	0.2535207	0.66478	0.5385443	0.0606168
6900	0.9005397	0.3171009	0.1760998	0.6144513	0.4242671	0.3837723	0.3443686	0.1098747	0.1896337	0.0691143	0.0789146	0.011217	0.3600294	0.7202856	0.4939209	0.0316781
6920	0.7518136	0.2933314	0.1049318	0.667417	0.3602002	0.3359697	0.321752	0.0381774	0.1154109	0.075848	0.0921531	0.0025937	0.4553451	0.5243915	0.5240945	0.0216634
6940	0.8080402	0.3658353	0.1679677	0.8272591	0.3370538	0.2885837	0.3862688	0.0594744	0.1660692	0.0934139	0.0797375	0.007174	0.3427448	0.484666	0.6543347	0.024177
6960	0.857784	0.3343094	0.1608937	0.5714896	0.3754589	0.2930701	0.3589276	0.0494693	0.1968907	0.0597211	0.032641	0.0067625	0.2998206	0.6478728	0.5233332	0.0433291
6980	0.6906956	0.3011794	0.174274	0.5566158	0.3274424	0.4227036	0.4144698	0.0491388	0.1473306	0.0546042	0.0875677	0.0135416	0.2610772	0.6645745	0.7445375	0.0109029
7000	0.7900647	0.3398022	0.1443747	0.6880047	0.3246868	0.5470525	0.5216207	0.0497113	0.2182083	0.0573265	0.1009713	0.0084561	0.2688816	0.6235343	0.6283671	0.0204606
7020	0.8773222	0.4286434	0.1082396	0.6402124	0.3032684	0.3360509	0.3935801	0.0610123	0.1684524	0.1084187	0.0771796	0.0031774	0.2750148	0.4716723	0.6233771	0.026549
7040	0.6471806	0.35902	0.1967427	0.6743885	0.3329667	0.3426894	0.4323364	0.0656419	0.1776261	0.064079	0.0869396	0.0059532	0.2745842	0.6294347	0.6659372	0.0357746
7060	0.735763	0.2895929	0.1300661	0.6483357	0.3553811	0.2933455	0.3441183	0.0559233	0.1829789	0.0649007	0.0750501	0.0240303	0.332387	0.5124862	0.490375	0.0170848
7080	0.6220367	0.3291344	0.1578058	0.6194857	0.3435598	0.3210163	0.4197992	0.0884827	0.1828163	0.0329969	0.0803288	0.0073108	0.291354	0.576845	0.6569752	0.0375583
7100	0.6877666	0.3226887	0.1260411	0.6555644	0.3177999	0.2949481	0.3681215	0.061047	0.1528112	0.0565616	0.0984901	0.0148196	0.3257418	0.5775279	0.6777123	0.0285646
7120	0.7069568	0.2789242	0.1511716	0.6748943	0.2727421	0.296447	0.4407688	0.0579207	0.2098982	0.0914475	0.1104094	0.0096675	0.2664004	0.629917	0.697183	0.0196014
7140	0.7027569	0.3326336	0.1448201	0.7477113	0.2466058	0.2219616	0.3584181	0.0663812	0.1995298	0.0446649	0.0977697	0.0203758	0.2854647	0.5531103	0.7287004	0.0143065
7160	0.822739	0.3999001	0.1808947	0.564566	0.2695169	0.3947224	0.3948276	0.0661643	0.1850282	0.0384185	0.0800094	0.0130474	0.2891086	0.5615767	0.6459328	0.010861
7180	0.8788404	0.3928771	0.1309511	0.5903567	0.2823435	0.3231287	0.3398867	0.0848803	0.2430335	0.0130167	0.0798089	0.0249093	0.3729596	0.5710416	0.5527415	0.0256405
7200	0.792713	0.3487618	0.1598509	0.5926	0.330042	0.3296769	0.3741908	0.0588869	0.2717426	0.078022	0.0939148	0.0231612	0.3607743	0.5911734	0.6018146	0.0237138
7220	0.8348175	0.4230397	0.0733234	0.6782186	0.3075974	0.3963292	0.4150138	0.0830357	0.1724443	0.0496986	0.1212056	0.0393494	0.2717033	0.6641569	0.5740073	0.0418453
7240	0.9320089	0.34355	0.1111395	0.6927788	0.330875	0.27599	0.4231856	0.0593482	0.1715297	0.0582218	0.0693947	0.0200641	0.2846214	0.5747641	0.6977167	0.0110195
7260	0.7697113	0.4766812	0.1432505	0.6336109	0.2991701	0.2870905	0.3715722	0.0313602	0.2176665	0.0576081	0.0856936	0.0282009	0.2432649	0.6633442	0.6770913	0.0316783
7280	0.8386986	0.3985412	0.1707106	0.594061	0.2612882	0.3128168	0.3068798	0.0426497	0.2257692	0.0714003	0.0647731	0.0207601	0.3755013	0.5629251	0.5660859	0.0146976
7300	0.6672066	0.3802361	0.1922255	0.6218096	0.1299985	0.3532099	0.1587299	0.0351148	0.2034119	0.0364068	0.1972421	0.0112978	0.2944635	0.2989036	0.5503195	0.0305153
7320	0.5884796	0.3896534	0.1580086	0.5604793	0.1708491	0.3639166	0.0795512	0.0819984	0.2204054	0.0465171	0.1527599	0.0067982	0.2675218	0.2398665	0.3266147	0.0267895
7340	0.647008	0.418612	0.1386776	0.6716912	0.3046391	0.3851785	0.0301183	0.0534125	0.2117594	0.0357558	0.2211241	0.0130304	0.2683366	0.2397063	0.2644896	0.030371
7360	0.6648199	0.3195598	0.1475088	0.6600367	0.2826963	0.3976545	0.0084513	0.0638132	0.286957	0.0516057	0.2395496	0.0135335	0.2926536	0.1023889	0.1982965	0.0242722
7380	0.6894826	0.3343868	0.1724467	0.6392941	0.242097	0.2981284	0.0120303	0.073269	0.2093213	0.0750837	0.2656927	0.0100869	0.3453084	0.1463558	0.2022807	0.0332348
7400	0.8955734	0.4562234	0.1357311	0.7102851	0.2170976	0.3128373	0.0307988	0.0951086	0.1710739	0.0787019	0.2742189	0.028045	0.285138	0.1087687	0.1215725	0.0348852
7420	0.9470743	0.4704881	0.2047536	0.6749961	0.2396089	0.3405213	0.0023084	0.0648426	0.1865047	0.1149375	0.2861071	0.0087787	0.2353164	0.0894752	0.1745794	0.0512367
7440	0.7615613	0.4320117	0.1857443	0.8004891	0.2861525	0.2808127	0.0169603	0.1510701	0.2398799	0.1038563	0.3246416	0.0242341	0.2477269	0.1274675	0.1399485	0.0436073
7460	0.7416006	0.4085677	0.2043111	0.5379011	0.2518842	0.3810423	0.0035688	0.081467	0.2462022	0.060159	0.2913729	0.0108002	0.2633966	0.2061559	0.1535351	0.0236453
7480	0.7534636	0.4534201	0.1314172	0.6057051	0.2558194	0.365533	0.0119302	0.1337261	0.1964593	0.0409209	0.3253969	0.008272	0.2442353	0.1746111	0.1391317	0.0353321
7500	0.610579	0.4457502	0.1109757	0.7852271	0.3624672	0.3460706	0.0051798	0.0799639	0.2237408	0.0498916	0.282731	0.028929	0.3269959	0.1545336	0.1848868	0.0546904
7520	0.8267633	0.4193719	0.2208597	0.5809711	0.3079888	0.3750679	0.0075195	0.1061276	0.198718	0.0455216	0.3670502	0.0169898	0.3096284	0.1289254	0.1563056	0.0640823
7540	0.7155559	0.4856787	0.1792183	0.7219144	0.2037834	0.4422398	0.0177152	0.0873669	0.2036612	0.0660357	0.3846555	0.0033345	0.2388938	0.1873788	0.1956995	0.0732652
7560	0.7982308	0.472805	0.179244	0.7160442	0.1886357	0.3943525	0.0022585	0.0691305	0.2654306	0.0659694	0.3399813	0.0145423	0.3513025	0.1644175	0.1060372	0.0288273
7580	0.8137192	0.3705396	0.1436659	0.6470438	0.1860563	0.4192517	0.004324	0.058302	0.2862408	0.0469912	0.4186016	0.0143456	0.2699487	0.1797392	0.1502504	0.0529493
7600	0.766433	0.3939532	0.1915707	0.7292478	0.3681073	0.3623078	0.0067502	0.0565941	0.2978245	0.0325484	0.3101331	0.0100675	0.3089528	0.1821643	0.0854957	0.030487
7620	0.6872403	0.3972923	0.1431788	0.5975712	0.2959248	0.3968376	0.0064396	0.050029	0.2137051	0.0596851	0.2386171	0.011702	0.3499674	0.1218501	0.1704919	0.0623552
7640	0.7637711	0.4572246	0.2254222	0.7467111	0.2880617	0.4885382	0.004536	0.0608693	0.2840046	0.083985	0.3360919	0.0235568	0.3787031	0.1497593	0.1308751	0.0560893
7660	0.8199467	0.3518244	0.2454638	0.6690609	0.1998122	0.1975723	0.00772	0.1561152	0.215644	0.0474372	0.2772749	0.00931	0.3697221	0.2041722	0.1048459	0.0436473
7680	0.7509968	0.3865039	0.2772601	0.5432315	0.2476973	0.2816768	0.0095685	0.0534376	0.255323	0.0536146	0.2499666	0.0095228	0.4288528	0.0919181	0.0830554	0.0355352
7700	0.7450284	0.3105587	0.2396863	0.6649832	0.2388742	0.4750223	0.0073525	0.0825353	0.1852805	0.0742387	0.2685442	0.0102874	0.406021	0.0612912	0.0969078	0.0280001
7720	0.8059979	0.3489784	0.1711061	0.6639134	0.257324	0.4306682	0.0010258	0.0678823	0.1720068	0.0679037	0.3118073	0.0339447	0.3569444	0.0701997	0.1872106	0.0359497
7740	0.7895077	0.3160823	0.1950791	0.7103157	0.2080636	0.3163784	0.0025037	0.0705695	0.1734409	0.0475617	0.3420985	0.008577	0.3245529	0.0757339	0.1392272	0.0190952
7760	0.6842251	0.3909382	0.1683583	0.6521914	0.3299123	0.3216483	0.0030347	0.0676097	0.1986374	0.0906498	0.2453576	0.0144548	0.3062103	0.1572183	0.1136094	0.0422576
7780	0.6784538	0.3674778	0.2245881	0.6929082	0.2353431	0.3864396	0.0018298	0.0481952	0.3098162	0.0925531	0.2548847	0.0113743	0.3534349	0.0989845	0.1125806	0.0123803
7800	0.6875813	0.3803801	0.1989621	0.6356908	0.2191545	0.2944236	0.0077407	0.0382644	0.2899606	0.0750217	0.2869018	0.0129585	0.3723681	0.1113299	0.1763668	0.0077286
7820	0.6759433	0.4923252	0.179474	0.823902	0.192929	0.3435248	0.0043454	0.1352497	0.2128944	0.0730829	0.253464	0.0167017	0.3356273	0.1361464	0.1002206	0.0436053
7840	0.811663	0.357038	0.3107657	0.7666159	0.2214201	0.4286656	0.0097456	0.1466162	0.2679281	0.094185	0.3523537	0.0096142	0.2881828	0.1404314	0.1209286	0.019276
7860	0.702067	0.3721751	0.2603743	0.5873101	0.2609935	0.4405619	0.2310325	0.1954931	0.1880168	0.1096174	0.2017793	0.1284554	0.353428	0.498647	0.0799369	0.0301832
7880	0.6565784	0.4592734	0.1702301	0.7287268	0.2558966	0.6104448	0.648968	0.2140288	0.2931188	0.0393374	0.1104561	0.2369657	0.3551228	0.6508179	0.1073072	0.0395808
7900	0.6595087	0.3920523	0.1968644	0.7460446	0.3302565	0.5878383	0.5000723	0.3265521	0.1799493	0.0568819	0.1764271	0.2893929	0.2771827	0.6986766	0.1170704	0.0078934
7920	0.7084437	0.3856626	0.1751322	0.7003646	0.1773156	0.6686567	0.5938145	0.2742922	0.2551305	0.0535606	0.1669588	0.3153682	0.3326306	0.7495224	0.1557321	0.020328
7940	0.5816714	0.3507954	0.1717382	0.8053961	0.1854674	0.7248063	0.6229631	0.3301346	0.1848226	0.114075	0.1421732	0.4695155	0.3449098	0.7265716	0.10526	0.0336264
7960	0.72482	0.4494896	0.215687	0.6562483	0.2309826	0.6515938	0.7431825	0.3666505	0.2248883	0.0888381	0.100319	0.5106437	0.354941	0.7206437	0.1497107	0.0490552
7980	0.6680143	0.344182	0.1721069	0.6154481	0.3118472	0.635834	0.5766236	0.3623382	0.2726675	0.0604063	0.1336413	0.505614	0.3320427	0.7527419	0.1201641	0.0191325
8000	0.6719277	0.4168377	0.1834703	0.7566633	0.1981479	0.7460045	0.5922597	0.3327849	0.3553749	0.0864738	0.1510142	0.4181299	0.3174728	0.7660237	0.0926604	0.0323637
8020	0.6081713	0.5052229	0.2561192	0.7137599	0.3575882	0.6196758	0.6541693	0.3129032	0.3495996	0.0922018	0.0649807	0.5729019	0.3746368	0.7888052	0.1353208	0.0205266
8040	0.6221448	0.3910793	0.2483365	0.6860078	0.3253233	0.6234699	0.726354	0.3209196	0.3590339	0.1103144	0.140577	0.5297425	0.2702707	0.8071346	0.1195959	0.0417864
8060	0.6433041	0.3453067	0.1930227	0.6618022	0.2472113	0.6361404	0.6893369	0.3450772	0.3449054	0.0989558	0.1052171	0.5788609	0.3218081	0.7703742	0.2139891	0.0317657
8080	0.5419139	0.5149957	0.1617607	0.7849406	0.4438215	0.617296	0.6860007	0.3019041	0.3308903	0.0870321	0.1542667	0.6162928	0.3526293	0.7408283	0.1449958	0.0591643
8100	0.5401695	0.4082766	0.1786433	0.7095313	0.2793895	0.7383472	0.641052	0.2714413	0.356615	0.1214655	0.1608478	0.5519993	0.3350228	0.9939406	0.1183086	0.0339834
8120	0.5089379	0.3593583	0.1412061	0.6145436	0.217446	0.6600487	0.6801763	0.3954659	0.3409359	0.1142649	0.0964993	0.4971905	0.2911511	0.7147367	0.1158263	0.0255595
8140	0.649777	0.4204794	0.2051636	0.838038	0.2284224	0.609521	0.5448547	0.2877005	0.3477777	0.0900408	0.1210396	0.4821628	0.2987668	0.8403583	0.1288713	0.0128251
8160	0.5823207	0.4814149	0.1761497	0.7484584	0.2447877	0.7443117	0.5899777	0.3591832	0.3046017	0.1548526	0.1070624	0.5230974	0.4053184	0.76903	0.1251872	0.0356439
8180	0.6048363	0.3457267	0.1957699	0.6596228	0.234797	0.7086799	0.6329916	0.2705449	0.2659384	0.0695452	0.1315138	0.5523914	0.4348365	0.8415636	0.1292358	0.0228942
8200	0.7316395	0.4005138	0.2652926	0.7593022	0.2210296	0.8596718	0.6563855	0.3596339	0.222037	0.0648533	0.0997124	0.5526811	0.391248	0.9040114	0.1050316	0.0607405
8220	0.7846931	0.3810146	0.1563225	0.7431097	0.2746932	0.7378955	0.7334392	0.3295019	0.3540587	0.0734459	0.0818089	0.5341239	0.4292076	0.7511678	0.1135236	0.0222638
8240	0.6032258	0.3724657	0.1888948	0.8049244	0.1908702	0.7277577	0.7134153	0.3492846	0.2776606	0.1329092	0.1118889	0.3842641	0.4259509	0.6424591	0.0797753	0.0318554
8260	0.6292591	0.4168674	0.2003953	0.7599661	0.2583453	0.6629348	0.7461838	0.3131744	0.2836489	0.0760714	0.08066	0.4507675	0.3539023	0.801818	0.1169236	0.0171872
8280	0.6589988	0.4548673	0.20029	0.7533423	0.3794181	0.5676686	0.5473748	0.3430374	0.3421171	0.051894	0.1323415	0.4988898	0.2500563	0.8920751	0.1156359	0.0119369
8300	0.7157648	0.4166913	0.1698383	0.6598323	0.2378177	0.7853312	0.5300014	0.3565311	0.3357839	0.081093	0.0746312	0.5937121	0.3403838	0.9063267	0.1201032	0.0425044
8320	0.6015362	0.5233686	0.1627563	0.5341012	0.2680914	0.6633196	0.5332642	0.3364873	0.2913487	0.132909	0.0833073	0.545072	0.3440838	0.7043287	0.0999365	0.0491057
8340	0.6472531	0.4719161	0.1892443	0.6602248	0.2899492	0.7238873	0.7438455	0.3286322	0.3396515	0.080093	0.1041125	0.6462599	0.3172672	0.6519681	0.0990641	0.0429321
8360	0.5543169	0.5210265	0.1305283	0.6156733	0.2741545	0.7476141	0.6804119	0.2368852	0.3769295	0.1309383	0.0851079	0.5738707	0.3102854	0.7030438	0.1407651	0.0324292
8380	0.6868348	0.3944049	0.1328753	0.7178546	0.2860019	0.8395517	0.7350186	0.2865784	0.4499882	0.0790573	0.0720512	0.4507352	0.3026474	0.7606994	0.1599528	0.0243751
8400	0.5862032	0.4466128	0.1446881	0.5030222	0.3497501	0.6594892	0.5808149	0.3340106	0.3968709	0.0913339	0.1709538	0.510691	0.4574228	0.8225233	0.0796809	0.0186707
8420	0.6158713	0.5047549	0.1202769	0.6753389	0.342898	0.5835421	0.3558658	0.2022052	0.3991845	0.1080443	0.1450494	0.3721964	0.3676112	0.4739352	0.1063504	0.0271486
8440	0.7865095	0.5349987	0.1930958	0.8761659	0.2432929	0.3813799	0.1175738	0.1185706	0.3898755	0.0849381	0.1680859	0.3222027	0.2890782	0.3163663	0.0556998	0.0121315
8460	0.8485181	0.5095002	0.1488957	0.6785058	0.2373867	0.4836337	0.0724312	0.1616422	0.4105459	0.1066141	0.2267431	0.2485748	0.4337482	0.2399007	0.1249503	0.0332987
8480	0.884264	0.4048633	0.2056646	0.6162961	0.1943873	0.3727802	0.0399045	0.1132173	0.349347	0.1072462	0.2548175	0.1922873	0.3936426	0.2209653	0.092979	0.0327143
8500	0.8507265	0.5550893	0.2158714	0.7584054	0.3089403	0.4183046	0.011181	0.0983229	0.3972837	0.1279215	0.1926024	0.118382	0.2505153	0.2627095	0.1073328	0.0339102
8520	0.797518	0.4264216	0.135857	0.7441022	0.2596152	0.39437	0.0129898	0.0880858	0.4154823	0.1215899	0.2271105	0.0911973	0.3645588	0.2649808	0.149764	0.0348973
8540	0.8182925	0.4269463	0.1781022	0.6950326	0.2424479	0.4321594	0.0034121	0.1057534	0.3719038	0.0783467	0.2966404	0.0593333	0.3869485	0.2443619	0.1291776	0.030851
8560	0.9017415	0.4506611	0.1934704	0.8157813	0.2843674	0.3182368	0.0069535	0.1228294	0.3504996	0.0998107	0.2949991	0.0714544	0.3338308	0.1579435	0.1431107	0.0497102
8580	0.6373126	0.4481495	0.161127	0.8468048	0.2663214	0.3852539	0.0069781	0.1132859	0.2487263	0.06069	0.3185913	0.0714204	0.39091	0.1410419	0.1269001	0.0479704
8600	0.6926382	0.3662998	0.174033	0.7598376	0.222334	0.2929626	0.0021957	0.0829127	0.3172603	0.0519771	0.2344943	0.0413718	0.2958459	0.1311472	0.1055322	0.0261858
8620	0.7841289	0.3852822	0.1640585	0.8449747	0.2046936	0.3999458	0.0072388	0.1436522	0.2638193	0.050535	0.3466734	0.0257618	0.4447269	0.1254284	0.1343266	0.066297
8640	0.790005	0.3544758	0.0837715	0.6687772	0.2729451	0.358138	0.0006666	0.1147223	0.2416856	0.0815392	0.2496511	0.0388039	0.3441468	0.2268757	0.1115651	0.0359968
8660	0.7992991	0.4461071	0.1114108	0.7518331	0.2165463	0.357706	0.0131427	0.1131279	0.1956455	0.0485203	0.2833603	0.0244429	0.4119131	0.1351862	0.2389311	0.0232951
8680	0.8120432	0.3524066	0.2116537	0.6572852	0.2955943	0.3768744	0.0063263	0.0757273	0.2432051	0.063219	0.3142649	0.0098098	0.3318193	0.1652074	0.1260481	0.0604941
8700	0.7377074	0.3525434	0.2006066	0.8606178	0.2904837	0.3668345	0.0090253	0.0639232	0.1761879	0.0768523	0.296295	0.0230758	0.3287316	0.1453402	0.1382252	0.0496247
8720	0.8117828	0.4748301	0.1904442	0.6720703	0.271982	0.3498663	0.0014563	0.0676886	0.1710429	0.0391322	0.2081596	0.0475734	0.2634358	0.1903926	0.1246757	0.0440898
8740	0.7866794	0.4840603	0.2076248	0.5908194	0.2792568	0.2951847	0.0044087	0.109475	0.204892	0.092661	0.2940532	0.0428599	0.3325782	0.1301683	0.1380254	0.0291517
8760	0.7347751	0.3896796	0.1691328	0.8479343	0.3707921	0.3190623	0.0030429	0.0619767	0.2098296	0.0780532	0.3005385	0.020757	0.2922662	0.1481418	0.1219632	0.0277847
8780	0.7290214	0.449919	0.2367356	0.7058776	0.258591	0.3104475	0.0208163	0.1091427	0.1759966	0.0809706	0.2169439	0.0185639	0.3297807	0.1309947	0.1240258	0.0806463
8800	0.8553575	0.4091945	0.1731095	0.6262173	0.3212454	0.3683464	0.009227	0.1084523	0.2669224	0.090102	0.2444201	0.0145158	0.3051065	0.0985386	0.1486279	0.0688432
8820	0.7611149	0.4074012	0.1247463	0.6918424	0.3207993	0.3860965	0.0158695	0.1035652	0.1721215	0.0823797	0.2679388	0.0221545	0.3205438	0.0796593	0.165523	0.0395979
8840	0.7613357	0.4002777	0.212883	0.5918445	0.2430305	0.3411312	0.0003456	0.110201	0.2337537	0.0552557	0.2632175	0.0080516	0.2605536	0.0860829	0.1245086	0.0481329
8860	0.7924812	0.4682293	0.14501	0.659457	0.2331431	0.3496285	0.0050713	0.1335568	0.2026811	0.0761515	0.3392011	0.0214179	0.3826766	0.1206569	0.1594612	0.0380594
8880	0.7264787	0.4878184	0.141317	0.6980506	0.2905711	0.3583565	0.0127577	0.1234627	0.1316594	0.0474791	0.2990304	0.0169139	0.3591599	0.1833387	0.1853792	0.0593712
8900	0.6628535	0.5529178	0.1505673	0.658233	0.277504	0.3457451	0.0053132	0.0596015	0.2151765	0.0387372	0.2909855	0.0139162	0.321801	0.1506299	0.128824	0.0293071
8920	0.8294148	0.4646671	0.1813909	0.7332434	0.3763166	0.3688409	0.0025036	0.0867756	0.1942833	0.0809449	0.332982	0.0088313	0.3148865	0.1374307	0.1416938	0.0386066
8940	0.7968518	0.38023	0.1626964	0.7101698	0.3022789	0.2938585	0.009947	0.1377698	0.2442495	0.0477841	0.3090393	0.009998	0.3553361	0.1243236	0.1428067	0.0168885
8960	0.7842988	0.4254325	0.1740832	0.9108788	0.2495248	0.3667689	0.0232813	0.1336357	0.2351981	0.0729114	0.3518954	0.0104197	0.3114969	0.1194666	0.1196187	0.0699207
8980	0.9294833	0.4039867	0.1710047	0.603743	0.4575491	0.4381541	0.0091718	0.0859026	0.2355985	0.1089636	0.2850456	0.0118978	0.1919434	0.18503	0.0969118	0.031285
9000	0.9133215	0.4067347	0.1249912	0.6300781	0.3779987	0.5315795	0.0026109	0.062026	0.2931536	0.1637981	0.2311386	0.014454	0.1676489	0.1387542	0.1178189	0.0259456
9020	0.7321883	0.3412765	0.0852716	0.8038356	0.4653381	0.5494005	0.0008475	0.0831679	0.1944145	0.0707461	0.2222308	0.0251046	0.1507896	0.082424	0.1284661	0.0745418
9040	0.7158517	0.2968219	0.0768054	0.6431808	0.3818885	0.4993987	0.0028871	0.0798095	0.2040442	0.0710147	0.2290343	0.0112648	0.1330066	0.0995161	0.1884007	0.0239472
9060	0.7187385	0.2775097	0.0383229	0.6034351	0.472074	0.5345532	0.0015351	0.0465293	0.1963038	0.0604074	0.1467929	0.0058564	0.1069914	0.0758516	0.1585984	0.0312429
9080	0.7998471	0.2336314	0.0645638	0.5687971	0.3525623	0.5339897	0.0020797	0.0665083	0.1715749	0.0421108	0.1371103	0.005481	0.0901642	0.0461874	0.0921218	0.0229336
9100	0.7760363	0.2684452	0.0636045	0.5387846	0.3594267	0.5401476	0.004524	0.072995	0.1434837	0.0408332	0.1554511	0.0069355	0.0998445	0.0414637	0.161614	0.0313024
9120	0.7318108	0.1789888	0.0625948	0.5187496	0.2785422	0.4454891	0.0018386	0.0541329	0.1638656	0.0615891	0.3047962	0.0077614	0.0776215	0.0259011	0.1524834	0.0377468
9140	0.8190227	0.1826938	0.0989153	0.4973627	0.3141392	0.5144136	0.0197556	0.0493213	0.1660662	0.0370992	0.2087915	0.0175534	0.0932795	0.0240612	0.159241	0.0303137
9160	1.0	0.1343523	0.0785348	0.431022	0.3590235	0.5595515	0.0042292	0.0454642	0.1084021	0.0499588	0.1443837	0.014081	0.044498	0.0250656	0.1441454	0.0392599
9180	0.6964315	0.2588738	0.0852491	0.4985292	0.2784891	0.3819438	0.0002777	0.0282322	0.1780549	0.0358651	0.1139839	0.0158043	0.0829533	0.0444197	0.1966891	0.0350221
9200	0.6899507	0.2261283	0.0769744	0.5328545	0.3991303	0.4926249	0.0056789	0.0410336	0.1690936	0.0169143	0.1246456	0.0376018	0.0845843	0.0951758	0.132652	0.0628449
9220	0.7381778	0.1894362	0.1375863	0.4627693	0.4593813	0.572194	0.0026424	0.0189955	0.1556444	0.0206235	0.1479625	0.0223745	0.0655581	0.0107171	0.1537287	0.0386127
9240	0.6995823	0.1721029	0.0692073	0.4606892	0.3389146	0.4477851	0.0017309	0.0315869	0.1569385	0.0098913	0.1206585	0.010863	0.0911906	0.0092388	0.1329334	0.0290332
9260	0.7680895	0.2335512	0.0961692	0.6228135	0.3507376	0.5609919	0.0017888	0.0442916	0.1685316	0.0299746	0.0930788	0.0072798	0.0828861	0.0416549	0.1375188	0.0360749
9280	0.8131184	0.2624141	0.1256846	0.5074088	0.4672233	0.5121967	0.0035284	0.0340512	0.1756834	0.0577293	0.156338	0.0133476	0.1274812	0.0435787	0.1969996	0.0163403
9300	0.6354503	0.2156126	0.1257538	0.5867567	0.4244527	0.5646607	0.0006304	0.046819	0.1488933	0.0570184	0.1216631	0.0062976	0.0830741	0.0335193	0.1865198	0.0234588
9320	0.8078791	0.260312	0.1259719	0.5700363	0.4582629	0.39154	0.0083936	0.0279986	0.1936728	0.0484309	0.1584719	0.0051785	0.0980864	0.0363372	0.091357	0.0265906
9340	0.7159183	0.1573825	0.0511316	0.3992418	0.2967409	0.5778889	0.0026187	0.0429285	0.1529912	0.042558	0.149993	0.00471	0.1139748	0.0343406	0.066626	0.0735308
9360	0.7971707	0.2909619	0.1261806	0.513281	0.330675	0.6318926	0.0039731	0.08573	0.1849662	0.0441248	0.1472313	0.0047257	0.1298116	0.0302191	0.1208536	0.0212901
9380	0.8849655	0.1808059	0.0893221	0.420562	0.4531391	0.5422776	0.0005763	0.0394895	0.1467008	0.0360332	0.144917	0.007968	0.1279439	0.0383672	0.1064121	0.0351182
9400	0.7636992	0.2211357	0.1177738	0.5080747	0.4442437	0.4848478	0.0017421	0.035731	0.1635259	0.0459582	0.1614821	0.0051054	0.0922998	0.0412887	0.1988712	0.0454488
9420	0.7968557	0.1756363	0.0906668	0.4648685	0.3457048	0.5037396	0.0141421	0.0335361	0.1563242	0.0777717	0.1365593	0.009684	0.0874231	0.0668344	0.1980312	0.059509
9440	0.7634696	0.1789076	0.0764833	0.5572895	0.4306552	0.4393787	0.0010308	0.0431075	0.1694433	0.0271515	0.1358145	0.0175673	0.0716438	0.0421928	0.1091179	0.0228026
9460	0.7389871	0.1872619	0.0804965	0.5457591	0.36255	0.4203411	0.0103285	0.0292796	0.1284957	0.0330043	0.1260624	0.0301639	0.0939682	0.0550511	0.1589674	0.0117879
9480	0.8132154	0.2138858	0.0741529	0.576084	0.378122	0.4685202	0.0026383	0.0467268	0.1832484	0.0360093	0.0997372	0.0348396	0.066151	0.0288455	0.1427098	0.0181192
9500	0.7398694	0.1511516	0.0457127	0.5216883	0.4368825	0.5520503	0.0068703	0.0375807	0.1540036	0.0470894	0.1104092	0.0526194	0.1005782	0.0254621	0.1330834	0.0488932
9520	0.7360843	0.2112082	0.093597	0.4459517	0.3019817	0.4739438	0.0088381	0.0170254	0.1694171	0.0185678	0.1684068	0.0299876	0.0584362	0.0484613	0.1323513	0.0167077
9540	0.8173565	0.222002	0.2085149	0.5149495	0.1173686	0.4126879	0.0056968	0.0660045	0.170811	0.067816	0.1828535	0.0159646	0.163172	0.0613374	0.0730199	0.0537533
9560	0.7883339	0.3501228	0.2523261	0.6303053	0.1207252	0.462998	0.0138659	0.0489508	0.2445844	0.0532856	0.1257938	0.0066187	0.2271037	0.0832779	0.0960695	0.01393
9580	0.9040512	0.4553948	0.1627431	0.6550844	0.1698896	0.411496	0.0120474	0.0715444	0.264828	0.0830548	0.1599008	0.0255166	0.2245005	0.1413961	0.0551986	0.0270163
9600	0.938981	0.4492451	0.1859731	0.6649308	0.2566376	0.3237805	0.0028099	0.0761133	0.2137696	0.0981238	0.2709965	0.0274126	0.3136773	0.0893659	0.0859188	0.0327704
9620	0.8185807	0.4355333	0.2226344	0.7403776	0.2562139	0.3091727	0.0189737	0.0618819	0.2149921	0.0737857	0.2578279	0.0092043	0.2408831	0.1417345	0.1593903	0.0506442
9640	0.6737312	0.4549698	0.1297249	0.6270202	0.3415368	0.3414754	0.0019531	0.0968566	0.3017107	0.071838	0.3111293	0.0103138	0.2836706	0.119541	0.114206	0.0381803
9660	0.8054306	0.4341389	0.2319079	0.6563187	0.2266365	0.288528	0.0035727	0.0989625	0.2276651	0.0341952	0.2545236	0.0074338	0.246645	0.1224513	0.1218546	0.032905
9680	0.8937345	0.3883835	0.1511543	0.6954745	0.2402765	0.3481768	0.0033351	0.1213501	0.1889706	0.0519651	0.2929164	0.006553	0.3137527	0.1291993	0.101913	0.0924139
9700	0.780978	0.3803749	0.1563522	0.7299486	0.2690582	0.3131827	0.0082287	0.0590248	0.2361639	0.0468185	0.2798873	0.0145209	0.2086749	0.0598934	0.1076398	0.0458202
9720	0.8387254	0.402055	0.1540652	0.7872299	0.3681625	0.4139377	0.0020977	0.1154235	0.1683036	0.0898256	0.2410876	0.0159199	0.3382293	0.1456656	0.1037896	0.0332508
9740	0.7951692	0.4099092	0.2448176	0.746058	0.2786245	0.3528396	0.0053607	0.139198	0.1603558	0.0430468	0.2809289	0.0066337	0.2528492	0.0895785	0.0944563	0.0486516
9760	0.8259706	0.3746246	0.1468774	0.7170506	0.3520868	0.3259779	0.007845	0.1078099	0.1701316	0.0732231	0.3334381	0.0041398	0.2835128	0.114657	0.1490277	0.0421436
9780	0.79102	0.4282361	0.1742518	0.6891272	0.2828572	0.2670858	0.0244088	0.146888	0.1610533	0.073005	0.2848293	0.0056534	0.3862907	0.0904574	0.1245796	0.0354715
9800	0.9012312	0.3481098	0.1492812	0.7613299	0.2593784	0.3163864	0.0145143	0.0506988	0.1592303	0.0827846	0.3284437	0.0070112	0.3183236	0.1282616	0.1352444	0.0360198
9820	0.6892717	0.4451353	0.245408	0.7224673	0.2713917	0.2719898	0.0062544	0.0723421	0.1950243	0.1261499	0.2686336	0.0052674	0.3211452	0.1227935	0.0988743	0.0391676
9840	0.7363049	0.4034736	0.1309928	0.7507383	0.3575772	0.2688389	0.0037588	0.1192735	0.2249227	0.0986377	0.3076677	0.0102331	0.2968075	0.10359	0.1422327	0.0184411
9860	0.7858686	0.4173556	0.1929599	0.731437	0.2453684	0.3160037	0.0063869	0.063183	0.1886912	0.0450424	0.312497	0.0105214	0.3272044	0.1169343	0.1336836	0.0418505
9880	0.679531	0.4564868	0.1877624	0.713562	0.234047	0.4235177	0.003366	0.1124683	0.1850589	0.0873873	0.2300482	0.0160777	0.3328131	0.142089	0.1140024	0.0358385
9900	0.7487288	0.3923899	0.183854	0.7120946	0.3037642	0.4157924	0.0033366	0.0707465	0.2582056	0.0575707	0.2641248	0.0131228	0.3588975	0.1013311	0.063954	0.0302719
9920	0.7044625	0.3324544	0.1989956	0.7076351	0.2176532	0.3045779	0.0041577	0.0767355	0.2272675	0.0647575	0.272282	0.0116897	0.3183911	0.1148627	0.1557991	0.0258946
9940	0.7522301	0.4017092	0.1290352	0.8947184	0.171932	0.3531815	0.0058709	0.0685339	0.2569701	0.0535899	0.2246161	0.0140595	0.2984538	0.0710997	0.0949204	0.0444706
9960	0.7420304	0.4078941	0.1638221	0.6947854	0.2520086	0.3962275	0.0149191	0.0886201	0.2143239	0.0535432	0.3019155	0.0313468	0.2877454	0.1565599	0.1428224	0.0483369
9980	0.7715975	0.4560187	0.1702852	0.6491984	0.1876678	0.317883	0.0038775	0.0366058	0.2155651	0.0773322	0.3316655	0.0477856	0.3633843	0.227064	0.1034136	0.0359279
10000	0.6503257	0.5997037	0.1797382	0.6214975	0.2371832	0.4397925	0.0007388	0.0845483	0.3536523	0.0845462	0.2744805	0.0297647	0.3863944	0.2030116	0.1060502	0.0194072
10020	0.7925164	0.4543844	0.2210193	0.7470193	0.2740448	0.3136685	0.0025859	0.0597477	0.2622017	0.0924821	0.2669083	0.0324955	0.4047784	0.1631984	0.1286355	0.0169626
10040	0.7267767	0.3854969	0.2232466	0.7178133	0.2161518	0.392064	0.0128487	0.070141	0.2698348	0.0916194	0.2595494	0.0060799	0.2627991	0.2077546	0.1793589	0.0257275
10060	0.8101846	0.3586133	0.1095973	0.6005228	0.2716391	0.3583022	0.0015336	0.1018361	0.26212	0.0395942	0.3235719	0.0168919	0.3572149	0.1396008	0.0958794	0.0274225
